
1.389471567283987463e-01 3.126730838546869506e-01
1.789931059501880251e-01 7.529254287760938080e-01
9.689439592486082109e-02 5.857128508803599587e-02
8.662996124854716040e-02 5.612723625001966310e-01
5.743042944546706829e-01 3.711608481577816088e-01
5.693051180505726006e-01 1.950959743421153414e-01
5.178144003011740937e-01 8.230986339653469930e-01
6.721289350965123921e-01 6.434848063436797716e-01
6.174889534311007733e-01 6.177010120222270473e-01
5.896540820670397309e-01 9.817700925910558540e-01
0.000000000000000000e+00 0.000000000000000000e+00

-6.375367223541017481e-01 -6.841151711875105512e+00
-6.615844592965975046e+00 -3.060190049258478595e+00
-1.110355954055629146e+00 -7.298268436599880005e+00
-4.048560321017292907e+00 -6.590068980764054452e+00
-6.584465999458760654e-01 -7.952175183058193930e+00
1.988393284804942596e+00 -7.465123792251314505e+00
4.412400155167286897e+00 -4.764019713681875601e+00
-4.719422666821476042e+00 -3.660142278637236402e+00
-4.383145390611603354e+00 -4.296570700417505329e+00
1.696156818722758475e+00 -7.130801503786610596e+00
0.000000000000000000e+00 -0.000000000000000000e+00

-6.380724310759678941e-01 -6.841101767255219457e+00
-6.613702276923125289e+00 -3.064817287878606411e+00
-1.110781126183594480e+00 -7.298203738392834872e+00
-4.047523994654899759e+00 -6.590705528002072988e+00
-6.608570989007890306e-01 -7.951975223921371239e+00
1.979476014165319375e+00 -7.467493274053763841e+00
4.408536567453385402e+00 -4.767595231885374041e+00
-4.718602926977504275e+00 -3.661199014734849211e+00
-4.383091429800185956e+00 -4.296625747832603537e+00
1.692739100286327458e+00 -7.131613588695543626e+00
0.000000000000000000e+00 -0.000000000000000000e+00

-6.380750934650383233e-01 -6.841101518932552139e+00
-6.613683996195600656e+00 -3.064856736345748622e+00
-1.110783249343254120e+00 -7.298203415249212789e+00
-4.047518200917874509e+00 -6.590709086083437640e+00
-6.608679586527879124e-01 -7.951974321403018742e+00
1.979334594218067345e+00 -7.467530760085666408e+00
4.408514658595683144e+00 -4.767615490642761245e+00
-4.718591249899810158e+00 -3.661214064261340440e+00
-4.383090952078031677e+00 -4.296626235168425900e+00
1.692723974916875651e+00 -7.131617178792388323e+00
0.000000000000000000e+00 -0.000000000000000000e+00

-6.380751068295863471e-01 -6.841101517686031031e+00
-6.613683837616641803e+00 -3.064857078544793723e+00
-1.110783260052569332e+00 -7.298203413619260616e+00
-4.047518168162457464e+00 -6.590709106199351908e+00
-6.608680080234871079e-01 -7.951974317299947081e+00
1.979332278335100170e+00 -7.467531373930397010e+00
4.408514532981819833e+00 -4.767615606795279071e+00
-4.718591078709031272e+00 -3.661214284892873927e+00
-4.383090947772487311e+00 -4.296626239560614735e+00
1.692723907384520388e+00 -7.131617194821521011e+00
0.000000000000000000e+00 -0.000000000000000000e+00

-6.380751068973529172e-01 -6.841101517679709865e+00
-6.613683836216746492e+00 -3.064857081565641295e+00
-1.110783260107138348e+00 -7.298203413610955259e+00
-4.047518167975153069e+00 -6.590709106314379007e+00
-6.608680082499959196e-01 -7.951974317281123028e+00
1.979332239126303516e+00 -7.467531384323019772e+00
4.408514532253263063e+00 -4.767615607468960626e+00
-4.718591076123499484e+00 -3.661214288225121294e+00
-4.383090947732970477e+00 -4.296626239600926489e+00
1.692723907080282642e+00 -7.131617194893732581e+00
0.000000000000000000e+00 -0.000000000000000000e+00

-6.380751068976999729e-01 -6.841101517679677002e+00
-6.613683836204167221e+00 -3.064857081592787580e+00
-1.110783260107418791e+00 -7.298203413610912627e+00
-4.047518167974070380e+00 -6.590709106315044252e+00
-6.608680082510449694e-01 -7.951974317281035098e+00
1.979332238439218017e+00 -7.467531384505136316e+00
4.408514532248988260e+00 -4.767615607472913020e+00
-4.718591076083233027e+00 -3.661214288277016671e+00
-4.383090947732600995e+00 -4.296626239601303077e+00
1.692723907078899526e+00 -7.131617194894061207e+00
0.000000000000000000e+00 -0.000000000000000000e+00

-6.380751068977019713e-01 -6.841101517679677002e+00
-6.613683836204050870e+00 -3.064857081593036270e+00
-1.110783260107420567e+00 -7.298203413610911738e+00
-4.047518167974064163e+00 -6.590709106315047805e+00
-6.608680082510504095e-01 -7.951974317281035987e+00
1.979332238426741331e+00 -7.467531384508443892e+00
4.408514532248962503e+00 -4.767615607472936112e+00
-4.718591076082585545e+00 -3.661214288277851114e+00
-4.383090947732597442e+00 -4.296626239601306629e+00
1.692723907078892864e+00 -7.131617194894062095e+00
0.000000000000000000e+00 -0.000000000000000000e+00

-6.380751068977021934e-01 -6.841101517679677002e+00
-6.613683836204049982e+00 -3.064857081593038934e+00
-1.110783260107420345e+00 -7.298203413610912627e+00
-4.047518167974065051e+00 -6.590709106315048693e+00
-6.608680082510505205e-01 -7.951974317281035098e+00
1.979332238426505963e+00 -7.467531384508506953e+00
4.408514532248962503e+00 -4.767615607472937000e+00
-4.718591076082574887e+00 -3.661214288277864437e+00
-4.383090947732598330e+00 -4.296626239601307518e+00
1.692723907078892864e+00 -7.131617194894062095e+00
0.000000000000000000e+00 -0.000000000000000000e+00

-6.380751068977024154e-01 -6.841101517679677002e+00
-6.613683836204049094e+00 -3.064857081593038934e+00
-1.110783260107420123e+00 -7.298203413610911738e+00
-4.047518167974064163e+00 -6.590709106315048693e+00
-6.608680082510507425e-01 -7.951974317281035987e+00
1.979332238426502188e+00 -7.467531384508507841e+00
4.408514532248962503e+00 -4.767615607472937000e+00
-4.718591076082574887e+00 -3.661214288277864881e+00
-4.383090947732597442e+00 -4.296626239601306629e+00
1.692723907078893086e+00 -7.131617194894062983e+00
0.000000000000000000e+00 -0.000000000000000000e+00

-6.380751068977026375e-01 -6.841101517679677890e+00
-6.613683836204049982e+00 -3.064857081593040267e+00
-1.110783260107419901e+00 -7.298203413610910850e+00
-4.047518167974065051e+00 -6.590709106315047805e+00
-6.608680082510508536e-01 -7.951974317281035098e+00
1.979332238426502411e+00 -7.467531384508507841e+00
4.408514532248962503e+00 -4.767615607472937000e+00
-4.718591076082574887e+00 -3.661214288277864437e+00
-4.383090947732598330e+00 -4.296626239601307518e+00
1.692723907078893086e+00 -7.131617194894062095e+00
0.000000000000000000e+00 -0.000000000000000000e+00

-6.380751068977028595e-01 -6.841101517679676114e+00
-6.613683836204049094e+00 -3.064857081593040711e+00
-1.110783260107419901e+00 -7.298203413610912627e+00
-4.047518167974065051e+00 -6.590709106315048693e+00
-6.608680082510511866e-01 -7.951974317281035987e+00
1.979332238426502411e+00 -7.467531384508507841e+00
4.408514532248963391e+00 -4.767615607472937000e+00
-4.718591076082574887e+00 -3.661214288277864881e+00
-4.383090947732597442e+00 -4.296626239601307518e+00
1.692723907078893308e+00 -7.131617194894062983e+00
0.000000000000000000e+00 -0.000000000000000000e+00

-6.380751068977029705e-01 -6.841101517679677002e+00
-6.613683836204048205e+00 -3.064857081593041599e+00
-1.110783260107419679e+00 -7.298203413610911738e+00
-4.047518167974065051e+00 -6.590709106315048693e+00
-6.608680082510512976e-01 -7.951974317281035098e+00
1.979332238426502188e+00 -7.467531384508506953e+00
4.408514532248961615e+00 -4.767615607472936112e+00
-4.718591076082574887e+00 -3.661214288277864881e+00
-4.383090947732597442e+00 -4.296626239601307518e+00
1.692723907078893308e+00 -7.131617194894062095e+00
0.000000000000000000e+00 -0.000000000000000000e+00

-6.380751068977033036e-01 -6.841101517679677002e+00
-6.613683836204048205e+00 -3.064857081593042487e+00
-1.110783260107419457e+00 -7.298203413610911738e+00
-4.047518167974064163e+00 -6.590709106315047805e+00
-6.608680082510514087e-01 -7.951974317281034210e+00
1.979332238426502188e+00 -7.467531384508506953e+00
4.408514532248962503e+00 -4.767615607472937000e+00
-4.718591076082573998e+00 -3.661214288277864437e+00
-4.383090947732597442e+00 -4.296626239601307518e+00
1.692723907078893308e+00 -7.131617194894062095e+00
0.000000000000000000e+00 -0.000000000000000000e+00

-6.380751068977034146e-01 -6.841101517679677002e+00
-6.613683836204048205e+00 -3.064857081593043819e+00
3.132629352601789652e+00 -3.497759839376194613e+00
-4.047518167974064163e+00 -6.590709106315047805e+00
-6.608680082510517417e-01 -7.951974317281035098e+00
1.979332238426502633e+00 -7.467531384508507841e+00
4.408514532248962503e+00 -4.767615607472937000e+00
-4.718591076082574887e+00 -3.661214288277864881e+00
-4.383090947732597442e+00 -4.296626239601307518e+00
1.692723907078893752e+00 -7.131617194894062983e+00
0.000000000000000000e+00 -0.000000000000000000e+00

-6.380751068977037477e-01 -6.841101517679677002e+00
-6.613683836204049094e+00 -3.064857081593044263e+00
-1.151138972838871455e+00 -7.291947036463462872e+00
-4.047518167974065051e+00 -6.590709106315048693e+00
-6.608680082510520748e-01 -7.951974317281035987e+00
1.979332238426502411e+00 -7.467531384508507841e+00
4.408514532248962503e+00 -4.767615607472937000e+00
-4.718591076082574887e+00 -3.661214288277865325e+00
-4.383090947732597442e+00 -4.296626239601307518e+00
1.692723907078893530e+00 -7.131617194894062095e+00
0.000000000000000000e+00 -0.000000000000000000e+00

-6.380751068977038587e-01 -6.841101517679677002e+00
-6.613683836204047317e+00 -3.064857081593043819e+00
-1.171556421488068267e+00 -7.288694538025783487e+00
-4.047518167974064163e+00 -6.590709106315048693e+00
-6.608680082510521858e-01 -7.951974317281035098e+00
1.979332238426502411e+00 -7.467531384508506953e+00
4.408514532248961615e+00 -4.767615607472936112e+00
-4.718591076082573998e+00 -3.661214288277864881e+00
-4.383090947732597442e+00 -4.296626239601307518e+00
1.692723907078893752e+00 -7.131617194894062095e+00
0.000000000000000000e+00 -0.000000000000000000e+00

-6.380751068977041918e-01 -6.841101517679676114e+00
-6.613683836204047317e+00 -3.064857081593044708e+00
-1.171673705596340875e+00 -7.288675685266218451e+00
-4.047518167974064163e+00 -6.590709106315047805e+00
-6.608680082510525189e-01 -7.951974317281035987e+00
1.979332238426502855e+00 -7.467531384508506953e+00
4.408514532248962503e+00 -4.767615607472937000e+00
-4.718591076082574887e+00 -3.661214288277864881e+00
-4.383090947732597442e+00 -4.296626239601307518e+00
1.692723907078893975e+00 -7.131617194894062095e+00
0.000000000000000000e+00 -0.000000000000000000e+00

-6.380751068977043028e-01 -6.841101517679676114e+00
-6.613683836204047317e+00 -3.064857081593045596e+00
-1.171674387297563014e+00 -7.288675575680928276e+00
-4.047518167974064163e+00 -6.590709106315048693e+00
-6.608680082510527409e-01 -7.951974317281034210e+00
1.979332238426502855e+00 -7.467531384508507841e+00
4.408514532248961615e+00 -4.767615607472937000e+00
-4.718591076082574887e+00 -3.661214288277864437e+00
-4.383090947732597442e+00 -4.296626239601308406e+00
1.692723907078894197e+00 -7.131617194894062095e+00
0.000000000000000000e+00 -0.000000000000000000e+00

-6.380751068977047469e-01 -6.841101517679677890e+00
-6.613683836204047317e+00 -3.064857081593046484e+00
-1.171674391306486429e+00 -7.288675575036482890e+00
-4.047518167974064163e+00 -6.590709106315048693e+00
-6.608680082510531850e-01 -7.951974317281035098e+00
1.979332238426502855e+00 -7.467531384508506065e+00
4.408514532248962503e+00 -4.767615607472937000e+00
-4.718591076082574887e+00 -3.661214288277863993e+00
-4.383090947732597442e+00 -4.296626239601308406e+00
1.692723907078894197e+00 -7.131617194894062983e+00
0.000000000000000000e+00 -0.000000000000000000e+00

-6.380751068977049689e-01 -6.841101517679677002e+00
-6.613683836204047317e+00 -3.064857081593046928e+00
-1.171674391330342679e+00 -7.288675575032647735e+00
-4.047518167974065051e+00 -6.590709106315047805e+00
-6.608680082510534071e-01 -7.951974317281035098e+00
1.979332238426502855e+00 -7.467531384508507841e+00
4.408514532248961615e+00 -4.767615607472937889e+00
-4.718591076082574887e+00 -3.661214288277863993e+00
-4.383090947732596554e+00 -4.296626239601309294e+00
1.692723907078894197e+00 -7.131617194894062095e+00
0.000000000000000000e+00 -0.000000000000000000e+00

-6.380751068977053020e-01 -6.841101517679677890e+00
-6.613683836204045541e+00 -3.064857081593046928e+00
-1.171674391330486564e+00 -7.288675575032624643e+00
-4.047518167974064163e+00 -6.590709106315047805e+00
-6.608680082510537401e-01 -7.951974317281035098e+00
1.979332238426502855e+00 -7.467531384508506065e+00
4.408514532248962503e+00 -4.767615607472937000e+00
-4.718591076082574887e+00 -3.661214288277864437e+00
-4.383090947732595666e+00 -4.296626239601308406e+00
1.692723907078894419e+00 -7.131617194894062095e+00
0.000000000000000000e+00 -0.000000000000000000e+00

-6.380751068977054130e-01 -6.841101517679676114e+00
-6.613683836204046429e+00 -3.064857081593048260e+00
-1.171674391330487452e+00 -7.288675575032625531e+00
-4.047518167974065051e+00 -6.590709106315048693e+00
-6.608680082510541842e-01 -7.951974317281035098e+00
1.979332238426503521e+00 -7.467531384508507841e+00
4.408514532248961615e+00 -4.767615607472937000e+00
-4.718591076082575775e+00 -3.661214288277864437e+00
-4.383090947732596554e+00 -4.296626239601308406e+00
1.692723907078894641e+00 -7.131617194894062983e+00
0.000000000000000000e+00 -0.000000000000000000e+00

3.056956418499877870e+00 -4.056645999881813403e+00
-6.613683836204046429e+00 -3.064857081593049148e+00
3.100043976408558333e+00 -3.447657552881330023e+00
-4.047518167974064163e+00 -6.590709106315048693e+00
-6.608680082510545173e-01 -7.951974317281035098e+00
1.979332238426503521e+00 -7.467531384508506953e+00
4.408514532248961615e+00 -4.767615607472937000e+00
-4.718591076082574887e+00 -3.661214288277863993e+00
-4.383090947732595666e+00 -4.296626239601309294e+00
1.692723907078894641e+00 -7.131617194894062095e+00
0.000000000000000000e+00 -0.000000000000000000e+00

-6.806013166943817305e-01 -6.837001657521780018e+00
-6.613683836204046429e+00 -3.064857081593048704e+00
-1.215832585329454263e+00 -7.281439668213144145e+00
-4.047518167974064163e+00 -6.590709106315047805e+00
-6.608680082510548504e-01 -7.951974317281035098e+00
1.979332238426503743e+00 -7.467531384508507841e+00
4.408514532248961615e+00 -4.767615607472937889e+00
-4.718591076082574887e+00 -3.661214288277863993e+00
-4.383090947732595666e+00 -4.296626239601309294e+00
1.692723907078894641e+00 -7.131617194894062095e+00
0.000000000000000000e+00 -0.000000000000000000e+00

2.888516630632655069e+00 -4.560567307593606401e+00
-6.613683836204046429e+00 -3.064857081593048704e+00
3.058845269653732935e+00 -3.327163474610535410e+00
-4.047518167974064163e+00 -6.590709106315048693e+00
-6.608680082510551834e-01 -7.951974317281035098e+00
1.979332238426503965e+00 -7.467531384508506953e+00
4.408514532248962503e+00 -4.767615607472937889e+00
-4.718591076082574887e+00 -3.661214288277864437e+00
-4.383090947732596554e+00 -4.296626239601310182e+00
1.692723907078895085e+00 -7.131617194894062095e+00
0.000000000000000000e+00 -0.000000000000000000e+00

2.765418598624987734e+00 -4.814126896975519543e+00
-6.613683836204044653e+00 -3.064857081593048704e+00
-1.282539934525690484e+00 -7.269986508496673494e+00
-4.047518167974064163e+00 -6.590709106315048693e+00
-6.608680082510556275e-01 -7.951974317281035098e+00
1.979332238426504631e+00 -7.467531384508507841e+00
4.408514532248960727e+00 -4.767615607472936112e+00
-4.718591076082574887e+00 -3.661214288277864437e+00
-4.383090947732594778e+00 -4.296626239601309294e+00
1.692723907078895085e+00 -7.131617194894062095e+00
0.000000000000000000e+00 -0.000000000000000000e+00

2.620837269122392676e+00 -5.062157581904680903e+00
-6.613683836204044653e+00 -3.064857081593048260e+00
2.997336932155669320e+00 -3.082285868723227740e+00
-4.047518167974064163e+00 -6.590709106315047805e+00
-6.608680082510559606e-01 -7.951974317281035098e+00
1.979332238426504853e+00 -7.467531384508506953e+00
4.408514532248962503e+00 -4.767615607472937889e+00
-4.718591076082574887e+00 -3.661214288277863993e+00
-4.383090947732595666e+00 -4.296626239601310182e+00
1.692723907078895307e+00 -7.131617194894062095e+00
0.000000000000000000e+00 -0.000000000000000000e+00

2.452111452948103842e+00 -5.306157684057514423e+00
-6.613683836204044653e+00 -3.064857081593048260e+00
-1.348818517796678718e+00 -7.257981890541309156e+00
-4.047518167974064163e+00 -6.590709106315048693e+00
-6.608680082510562936e-01 -7.951974317281035098e+00
-1.326868364026315250e+00 -6.824738558543360867e+00
4.408514532248961615e+00 -4.767615607472937000e+00
-8.577517130638849796e-01 -4.411840200967831471e+00
-4.383090947732595666e+00 -4.296626239601310182e+00
1.692723907078895307e+00 -7.131617194894062095e+00
0.000000000000000000e+00 -0.000000000000000000e+00

2.258716525132579811e+00 -5.543243089960627756e+00
-6.613683836204046429e+00 -3.064857081593048260e+00
2.904094064208954329e+00 -2.767077030695270778e+00
-4.047518167974064163e+00 -6.590709106315046917e+00
-6.608680082510567377e-01 -7.951974317281035098e+00
-1.039283609933487451e+00 -6.773864691283760564e+00
4.408514532248960727e+00 -4.767615607472937889e+00
-6.241101731243289263e-01 -4.067838484885227146e+00
-4.383090947732594778e+00 -4.296626239601310182e+00
1.692723907078895307e+00 -7.131617194894062095e+00
0.000000000000000000e+00 -0.000000000000000000e+00

2.040450719974309379e+00 -5.770346290298051350e+00
-6.613683836204046429e+00 -3.064857081593048260e+00
-1.413702105874559356e+00 -7.245623428886066364e+00
-4.047518167974064163e+00 -6.590709106315048693e+00
-6.608680082510571818e-01 -7.951974317281035098e+00
-7.371634656324187462e-01 -6.659752186540212726e+00
4.408514532248961615e+00 -4.767615607472937889e+00
-4.383090947732594778e+00 -4.296626239601310182e+00
1.692723907078895751e+00 -7.131617194894062095e+00
0.000000000000000000e+00 -0.000000000000000000e+00

1.797529615550249371e+00 -5.984195286194925245e+00
-6.613683836204046429e+00 -3.064857081593047372e+00
-1.435259343441059876e+00 -7.241384062072799388e+00
-4.047518167974064163e+00 -6.590709106315047805e+00
-6.608680082510577369e-01 -7.951974317281035098e+00
4.408514532248960727e+00 -4.767615607472937000e+00
-4.383090947732594778e+00 -4.296626239601310182e+00
1.692723907078895751e+00 -7.131617194894062095e+00
0.000000000000000000e+00 -0.000000000000000000e+00

-9.735726549985518341e-01 -6.801467937341231007e+00
-6.613683836204045541e+00 -3.064857081593047372e+00
2.697637410462805807e+00 -2.220724680976896792e+00
-4.047518167974065051e+00 -6.590709106315048693e+00
-6.608680082510579590e-01 -7.951974317281033322e+00
4.408514532248960727e+00 -4.767615607472937889e+00
-4.383090947732594778e+00 -4.296626239601311070e+00
1.692723907078896195e+00 -7.131617194894062983e+00
0.000000000000000000e+00 -0.000000000000000000e+00

1.239233062957400211e+00 -6.364609791309371545e+00
-6.613683836204045541e+00 -3.064857081593046928e+00
-1.475261211666056393e+00 -7.233340644178900547e+00
-4.047518167974064163e+00 -6.590709106315048693e+00
-6.608680082510584031e-01 -7.951974317281033322e+00
4.408514532248961615e+00 -4.767615607472937889e+00
-4.383090947732593889e+00 -4.296626239601311070e+00
1.692723907078896195e+00 -7.131617194894062095e+00
0.000000000000000000e+00 -0.000000000000000000e+00

9.219187072104675362e-01 -6.519905681677574449e+00
-6.613683836204047317e+00 -3.064857081593047372e+00
-1.495394987659647068e+00 -7.229205097952280390e+00
-4.047518167974064163e+00 -6.590709106315047805e+00
-6.608680082510588472e-01 -7.951974317281033322e+00
4.408514532248960727e+00 -4.767615607472937889e+00
-4.383090947732594778e+00 -4.296626239601311958e+00
-2.464721515272595642e+00 -1.994807078483452178e+00
0.000000000000000000e+00 -0.000000000000000000e+00

-1.046322497934123685e+00 -6.790656746409628575e+00
-6.613683836204046429e+00 -3.064857081593046928e+00
-1.495530813314300378e+00 -7.229177000447858603e+00
-4.047518167974064163e+00 -6.590709106315048693e+00
-6.608680082510594023e-01 -7.951974317281033322e+00
4.408514532248960727e+00 -4.767615607472938777e+00
-4.383090947732593889e+00 -4.296626239601311070e+00
1.726708327369936624e+00 -7.123465195555911400e+00
0.000000000000000000e+00 -0.000000000000000000e+00

2.381925024900305721e-01 -6.742743654158136479e+00
-6.613683836204046429e+00 -3.064857081593046484e+00
-1.495531742419031529e+00 -7.229176808239921037e+00
-4.047518167974065051e+00 -6.590709106315048693e+00
-6.608680082510598464e-01 -7.951974317281034210e+00
4.408514532248960727e+00 -4.767615607472937889e+00
-4.383090947732593889e+00 -4.296626239601311070e+00
-2.560024665137774491e+00 -2.273935943723350839e+00
0.000000000000000000e+00 0.000000000000000000e+00

-1.077732574264141041e+00 -6.785742576580081398e+00
-6.613683836204047317e+00 -3.064857081593046484e+00
-1.495531748862666266e+00 -7.229176806906897568e+00
-4.047518167974065051e+00 -6.590709106315048693e+00
-6.608680082510604015e-01 -7.951974317281034210e+00
4.408514532248960727e+00 -4.767615607472937889e+00
-4.383090947732593889e+00 -4.296626239601311958e+00
1.780216500932258583e+00 -7.110281798206987247e+00
0.000000000000000000e+00 -0.000000000000000000e+00

-4.983321726375538052e-01 -6.827229694857303244e+00
-6.613683836204047317e+00 -3.064857081593046928e+00
-1.495531748907984015e+00 -7.229176806897522845e+00
-4.047518167974065051e+00 -6.590709106315047805e+00
-6.608680082510608456e-01 -7.951974317281034210e+00
4.408514532248960727e+00 -4.767615607472938777e+00
-4.383090947732593889e+00 -4.296626239601311958e+00
-2.637995086926955501e+00 -2.594129536370092026e+00
0.000000000000000000e+00 0.000000000000000000e+00

-1.095607466286856679e+00 -6.782879484190927677e+00
-6.613683836204046429e+00 -3.064857081593046484e+00
2.232895033266940832e+00 -1.437419672613318378e+00
-4.047518167974065939e+00 -6.590709106315047805e+00
-6.608680082510614007e-01 -7.951974317281034210e+00
4.408514532248959839e+00 -4.767615607472938777e+00
-4.383090947732593001e+00 -4.296626239601312847e+00
-2.661763915608669873e+00 -2.765440147125153736e+00
0.000000000000000000e+00 0.000000000000000000e+00

-1.100024041503101957e+00 -6.782164619452765386e+00
-6.613683836204046429e+00 -3.064857081593046928e+00
-1.530194398792681598e+00 -7.221919247629423388e+00
-4.047518167974065939e+00 -6.590709106315047805e+00
-6.608680082510618448e-01 -7.951974317281034210e+00
4.408514532248959839e+00 -4.767615607472938777e+00
-4.383090947732592113e+00 -4.296626239601312847e+00
-2.677166389142969116e+00 -2.941566484210801580e+00
0.000000000000000000e+00 0.000000000000000000e+00

-1.100057659058433002e+00 -6.782159166813219286e+00
-6.613683836204046429e+00 -3.064857081593046928e+00
-1.547685221030757896e+00 -7.218191115091079801e+00
-4.047518167974066827e+00 -6.590709106315047805e+00
-6.608680082510623999e-01 -7.951974317281034210e+00
4.408514532248959839e+00 -4.767615607472937889e+00
-4.383090947732592113e+00 -4.296626239601313735e+00
-2.683711697366938154e+00 -3.125857484905592010e+00
0.000000000000000000e+00 0.000000000000000000e+00

-1.100057918914090216e+00 -6.782159124664953964e+00
-6.613683836204045541e+00 -3.064857081593046928e+00
-1.547813039837312443e+00 -7.218163707695080866e+00
-4.047518167974066827e+00 -6.590709106315046029e+00
-6.608680082510629550e-01 -7.951974317281034210e+00
4.408514532248959839e+00 -4.767615607472938777e+00
-4.383090947732591225e+00 -4.296626239601313735e+00
-2.680286705319517182e+00 -3.318059021689130805e+00
0.000000000000000000e+00 0.000000000000000000e+00

-1.100057920954253587e+00 -6.782159124334042666e+00
-6.613683836204045541e+00 -3.064857081593046928e+00
-1.547813988011292219e+00 -7.218163504375153749e+00
-4.047518167974067715e+00 -6.590709106315046917e+00
-6.608680082510635101e-01 -7.951974317281034210e+00
4.408514532248959839e+00 -4.767615607472938777e+00
-4.383090947732590337e+00 -4.296626239601314623e+00
-2.665727025244496229e+00 -3.517866501227975728e+00
0.000000000000000000e+00 0.000000000000000000e+00

-1.100057920970526348e+00 -6.782159124331403000e+00
-6.613683836204047317e+00 -3.064857081593047372e+00
-1.547813995150889799e+00 -7.218163502844188173e+00
-4.047518167974067715e+00 -6.590709106315046917e+00
3.645612169321947427e+00 -4.305710290025580811e+00
4.408514532248960727e+00 -4.767615607472939665e+00
-4.383090947732589449e+00 -4.296626239601315511e+00
-2.638818157956662525e+00 -3.724841750509542138e+00
0.000000000000000000e+00 -0.000000000000000000e+00

-1.100057920970659131e+00 -6.782159124331381683e+00
-6.613683836204047317e+00 -3.064857081593047816e+00
-1.547813995205471693e+00 -7.218163502832483758e+00
-4.047518167974068604e+00 -6.590709106315046029e+00
-7.180728202134283311e-01 -7.947012865970310536e+00
4.408514532248959839e+00 -4.767615607472938777e+00
-4.383090947732588560e+00 -4.296626239601316399e+00
-2.598306849811489627e+00 -3.938397094650758046e+00
0.000000000000000000e+00 0.000000000000000000e+00

-1.100057920970659575e+00 -6.782159124331379907e+00
-9.742754479783958255e-01 -4.332906065508948856e+00
-1.547813995205895576e+00 -7.218163502832392275e+00
-4.047518167974068604e+00 -6.590709106315046029e+00
3.487986987373676406e+00 -4.975103344894575841e+00
4.408514532248959839e+00 -4.767615607472939665e+00
-4.383090947732587672e+00 -4.296626239601316399e+00
-2.542915788240336816e+00 -4.157777967736832281e+00
0.000000000000000000e+00 -0.000000000000000000e+00

-1.100057920970659353e+00 -6.782159124331381683e+00
-6.707305787825804444e+00 -2.854156948112032133e+00
-1.547813995205898685e+00 -7.218163502832392275e+00
-4.047518167974069492e+00 -6.590709106315045140e+00
3.352081147714844445e+00 -5.319017679027251866e+00
4.408514532248959839e+00 -4.767615607472939665e+00
-4.383090947732587672e+00 -4.296626239601318176e+00
-2.471362108806047342e+00 -4.382045820078299236e+00
0.000000000000000000e+00 -0.000000000000000000e+00

-1.100057920970658687e+00 -6.782159124331379907e+00
-6.754689663614239059e+00 -2.740133274882936121e+00
-1.547813995205899129e+00 -7.218163502832391387e+00
-4.047518167974070380e+00 -6.590709106315045140e+00
3.183266448923756986e+00 -5.657300322292429406e+00
4.408514532248959839e+00 -4.767615607472939665e+00
-4.383090947732585896e+00 -4.296626239601319064e+00
-2.382380080094340435e+00 -4.610061919616773807e+00
0.000000000000000000e+00 -0.000000000000000000e+00

-1.100057920970658243e+00 -6.782159124331380795e+00
-6.412715115211988781e-01 -3.774782140131232921e+00
-1.547813995205899573e+00 -7.218163502832391387e+00
-4.047518167974070380e+00 -6.590709106315045140e+00
2.977237676597260574e+00 -5.992351664602177941e+00
4.408514532248959839e+00 -4.767615607472939665e+00
-4.383090947732585008e+00 -4.296626239601320840e+00
-2.274748264498751560e+00 -4.840472808084970602e+00
0.000000000000000000e+00 -0.000000000000000000e+00

-1.100057920970657577e+00 -6.782159124331380795e+00
-6.844365643770984775e+00 -2.507752330319946044e+00
-1.547813995205900017e+00 -7.218163502832392275e+00
-4.047518167974071268e+00 -6.590709106315045140e+00
2.732646383271584156e+00 -6.319172525227042314e+00
4.408514532248958950e+00 -4.767615607472939665e+00
-4.383090947732583231e+00 -4.296626239601322617e+00
-2.147321347574770556e+00 -5.071698316247498894e+00
0.000000000000000000e+00 -0.000000000000000000e+00

-1.100057920970657133e+00 -6.782159124331381683e+00
-6.888269697028690075e+00 -2.384513241073322742e+00
-1.547813995205900461e+00 -7.218163502832391387e+00
-4.047518167974072156e+00 -6.590709106315044252e+00
-1.021738600851068712e+00 -7.913702818438268949e+00
4.408514532248958950e+00 -4.767615607472939665e+00
-4.383090947732581455e+00 -4.296626239601325281e+00
-1.999066679707227401e+00 -5.301923184121154264e+00
0.000000000000000000e+00 0.000000000000000000e+00

-1.100057920970656467e+00 -6.782159124331380795e+00
-6.890095952805046053e+00 -2.379231089448276659e+00
-1.547813995205900905e+00 -7.218163502832392275e+00
-4.047518167974072156e+00 -6.590709106315043364e+00
2.124031762808799684e+00 -6.938977196570199624e+00
4.408514532248958950e+00 -4.767615607472940553e+00
-4.383090947732578790e+00 -4.296626239601327057e+00
-1.829105375815318846e+00 -5.529093461041897584e+00
0.000000000000000000e+00 -0.000000000000000000e+00

-1.100057920970655356e+00 -6.782159124331381683e+00
-1.426011392430578395e-01 -2.731278189830135261e+00
-1.547813995205901128e+00 -7.218163502832390499e+00
-4.047518167974073044e+00 -6.590709106315042476e+00
1.750886971017370675e+00 -7.212815360426914957e+00
4.408514532248958950e+00 -4.767615607472939665e+00
-1.636757567793168722e+00 -5.750918964006552336e+00
0.000000000000000000e+00 -0.000000000000000000e+00

-1.100057920970654690e+00 -6.782159124331381683e+00
-6.964741589289814350e+00 -2.150938727689501118e+00
-1.547813995205901572e+00 -7.218163502832390499e+00
-4.047518167974073933e+00 -6.590709106315042476e+00
1.345988756008336118e+00 -7.448970610256649749e+00
4.408514532248958062e+00 -4.767615607472940553e+00
-1.421591099085382170e+00 -5.964883135286360272e+00
0.000000000000000000e+00 -0.000000000000000000e+00

-1.100057920970653802e+00 -6.782159124331380795e+00
-7.001524346995051218e+00 -2.028008785556225657e+00
-1.547813995205902238e+00 -7.218163502832390499e+00
-4.047518167974074821e+00 -6.590709106315042476e+00
-1.175813822897425753e+00 -7.892281287492878938e+00
4.408514532248958062e+00 -4.767615607472940553e+00
-1.183472593779021587e+00 -6.168261643851432829e+00
0.000000000000000000e+00 0.000000000000000000e+00

-1.100057920970652914e+00 -6.782159124331381683e+00
-7.003503020869847440e+00 -2.021165073051838235e+00
-1.547813995205902682e+00 -7.218163502832391387e+00
-4.047518167974074821e+00 -6.590709106315041588e+00
4.394436880294352310e-01 -7.797184383128998419e+00
4.408514532248958062e+00 -4.767615607472939665e+00
2.568979560801246897e+00 -6.864810416631367040e+00
0.000000000000000000e+00 -0.000000000000000000e+00

-1.100057920970653802e+00 -6.782159124331381683e+00
1.964808905993205901e+00 -1.134442721429460121e+00
-4.047518167974076597e+00 -6.590709106315041588e+00
-1.221827298017484242e+00 -7.885288841941441973e+00
4.408514532248958950e+00 -4.767615607472940553e+00
-6.370387203141987253e-01 -6.542462595244968426e+00
0.000000000000000000e+00 0.000000000000000000e+00

-1.100057920970654690e+00 -6.782159124331382571e+00
-1.587390214270380628e+00 -7.209563428184502243e+00
-4.047518167974077485e+00 -6.590709106315041588e+00
-1.235426282542055221e+00 -7.883169665016173333e+00
4.408514532248958950e+00 -4.767615607472940553e+00
-3.243884180556616537e-01 -6.698982201054317187e+00
0.000000000000000000e+00 0.000000000000000000e+00

-1.100057920970653802e+00 -6.782159124331381683e+00
-1.607400094268880197e+00 -7.205128552241190754e+00
-4.047518167974077485e+00 -6.590709106315039811e+00
-1.235543195848033626e+00 -7.883151341831547754e+00
4.408514532248958062e+00 -4.767615607472940553e+00
4.514645930833282271e-03 -6.829859325900091704e+00
0.000000000000000000e+00 -0.000000000000000000e+00

-1.100057920970652692e+00 -6.782159124331380795e+00
-1.607593318907832414e+00 -7.205085442822987574e+00
-4.047518167974079262e+00 -6.590709106315039811e+00
-1.235544218701715380e+00 -7.883151181517431993e+00
4.408514532248958062e+00 -4.767615607472941441e+00
3.511043081863792770e-01 -6.933875843123415983e+00
0.000000000000000000e+00 -0.000000000000000000e+00

-1.100057920970653802e+00 -6.782159124331382571e+00
-1.607595222120009160e+00 -7.205085018179434364e+00
-4.047518167974080150e+00 -6.590709106315039811e+00
-1.235544227809861173e+00 -7.883151180089890353e+00
4.408514532248956286e+00 -4.767615607472942330e+00
2.728514222269271094e+00 -6.802976420580877814e+00
0.000000000000000000e+00 -0.000000000000000000e+00

-1.100057920970654690e+00 -6.782159124331381683e+00
-1.607595241242919526e+00 -7.205085013912739811e+00
-4.047518167974081038e+00 -6.590709106315038035e+00
-1.235544227892437119e+00 -7.883151180076948705e+00
4.408514532248956286e+00 -4.767615607472942330e+00
1.088243678981268614e+00 -7.052208564338377172e+00
0.000000000000000000e+00 -0.000000000000000000e+00

-1.100057920970653580e+00 -6.782159124331380795e+00
-1.607595241439001787e+00 -7.205085013868989918e+00
-4.047518167974082814e+00 -6.590709106315037147e+00
-1.235544227893198732e+00 -7.883151180076828801e+00
4.408514532248955398e+00 -4.767615607472943218e+00
2.767100421147048461e+00 -6.787373077958284817e+00
0.000000000000000000e+00 -0.000000000000000000e+00

-1.100057920970654690e+00 -6.782159124331381683e+00
-1.607595241441055034e+00 -7.205085013868533395e+00
-4.047518167974083703e+00 -6.590709106315036259e+00
-1.235544227893205393e+00 -7.883151180076827025e+00
4.408514532248953621e+00 -4.767615607472944106e+00
1.861789839592458362e+00 -7.025586916468006926e+00
0.000000000000000000e+00 -0.000000000000000000e+00

-1.100057920970653580e+00 -6.782159124331381683e+00
-1.607595241441076128e+00 -7.205085013868527177e+00
-4.047518167974084591e+00 -6.590709106315036259e+00
-1.235544227893205171e+00 -7.883151180076827025e+00
4.408514532248953621e+00 -4.767615607472944994e+00
2.792502095252670458e+00 -6.776961715113531071e+00
0.000000000000000000e+00 -0.000000000000000000e+00

-1.100057920970652470e+00 -6.782159124331382571e+00
-1.607595241441077238e+00 -7.205085013868527177e+00
-4.047518167974086367e+00 -6.590709106315034482e+00
-1.235544227893205171e+00 -7.883151180076827025e+00
4.408514532248952733e+00 -4.767615607472945882e+00
2.799514451241231328e+00 -6.774067971123156617e+00
0.000000000000000000e+00 -0.000000000000000000e+00

-1.100057920970653580e+00 -6.782159124331382571e+00
-1.607595241441076128e+00 -7.205085013868526289e+00
-4.047518167974085479e+00 -6.590709106315037147e+00
-1.235544227893205171e+00 -7.883151180076827025e+00
4.408514532248950957e+00 -4.767615607472946770e+00
2.799571025776297351e+00 -6.774044590327033433e+00
0.000000000000000000e+00 -0.000000000000000000e+00

-1.100057920970654690e+00 -6.782159124331380795e+00
-1.607595241441075462e+00 -7.205085013868528065e+00
-4.047518167974083703e+00 -6.590709106315037147e+00
-1.235544227893205171e+00 -7.883151180076827913e+00
4.408514532248951845e+00 -4.767615607472945882e+00
2.799571489796846002e+00 -6.774044398557021118e+00
0.000000000000000000e+00 -0.000000000000000000e+00

-1.100057920970653580e+00 -6.782159124331382571e+00
-1.607595241441074352e+00 -7.205085013868528065e+00
-4.047518167974084591e+00 -6.590709106315036259e+00
-1.235544227893205171e+00 -7.883151180076827025e+00
4.408514532248953621e+00 -4.767615607472945882e+00
2.799571493666190847e+00 -6.774044396957902947e+00
0.000000000000000000e+00 -0.000000000000000000e+00

-1.100057920970652470e+00 -6.782159124331382571e+00
-1.607595241441073464e+00 -7.205085013868528954e+00
-4.047518167974085479e+00 -6.590709106315035370e+00
-1.235544227893205171e+00 -7.883151180076827913e+00
4.408514532248954509e+00 -4.767615607472944106e+00
2.799571493699003266e+00 -6.774044396944341351e+00
0.000000000000000000e+00 -0.000000000000000000e+00

-1.100057920970653580e+00 -6.782159124331380795e+00
-1.607595241441072353e+00 -7.205085013868528954e+00
-4.047518167974087255e+00 -6.590709106315034482e+00
-1.235544227893205171e+00 -7.883151180076827913e+00
4.408514532248952733e+00 -4.767615607472944994e+00
2.799571493699286151e+00 -6.774044396944224111e+00
0.000000000000000000e+00 -0.000000000000000000e+00

-1.100057920970654690e+00 -6.782159124331381683e+00
-1.607595241441073242e+00 -7.205085013868528065e+00
-4.047518167974085479e+00 -6.590709106315035370e+00
-1.235544227893204949e+00 -7.883151180076827025e+00
4.408514532248951845e+00 -4.767615607472946770e+00
2.799571493699288816e+00 -6.774044396944223223e+00
0.000000000000000000e+00 -0.000000000000000000e+00

-1.100057920970653358e+00 -6.782159124331381683e+00
-1.607595241441074130e+00 -7.205085013868528065e+00
-4.047518167974083703e+00 -6.590709106315036259e+00
-1.235544227893204949e+00 -7.883151180076827913e+00
4.408514532248952733e+00 -4.767615607472945882e+00
2.799571493699288816e+00 -6.774044396944223223e+00
0.000000000000000000e+00 -0.000000000000000000e+00

-1.100057920970651804e+00 -6.782159124331381683e+00
1.555300564774997119e+00 -7.636943460535365880e-01
-4.047518167974085479e+00 -6.590709106315036259e+00
-1.235544227893204949e+00 -7.883151180076827913e+00
4.408514532248953621e+00 -4.767615607472944106e+00
2.799571493699288371e+00 -6.774044396944222335e+00
0.000000000000000000e+00 -0.000000000000000000e+00

-1.100057920970653358e+00 -6.782159124331382571e+00
-1.651160040306498100e+00 -7.195226406352469795e+00
-4.047518167974087255e+00 -6.590709106315035370e+00
-1.235544227893204949e+00 -7.883151180076827025e+00
4.408514532248956286e+00 -4.767615607472943218e+00
2.799571493699288371e+00 -6.774044396944223223e+00
0.000000000000000000e+00 -0.000000000000000000e+00

-1.100057920970654690e+00 -6.782159124331381683e+00
-1.673259715260442704e+00 -7.190119223118860425e+00
-4.047518167974085479e+00 -6.590709106315036259e+00
-1.235544227893204949e+00 -7.883151180076827913e+00
4.408514532248953621e+00 -4.767615607472944106e+00
2.799571493699288371e+00 -6.774044396944222335e+00
0.000000000000000000e+00 -0.000000000000000000e+00

-1.100057920970653358e+00 -6.782159124331382571e+00
-1.673565004460429551e+00 -7.190048170438232411e+00
-4.047518167974082814e+00 -6.590709106315037147e+00
-1.235544227893204727e+00 -7.883151180076827913e+00
4.408514532248951845e+00 -4.767615607472945882e+00
2.799571493699288371e+00 -6.774044396944223223e+00
0.000000000000000000e+00 -0.000000000000000000e+00

-1.100057920970651582e+00 -6.782159124331381683e+00
-1.673569343208211491e+00 -7.190047160544252414e+00
-4.047518167974085479e+00 -6.590709106315036259e+00
-1.235544227893204727e+00 -7.883151180076827913e+00
4.408514532248953621e+00 -4.767615607472944994e+00
2.799571493699288371e+00 -6.774044396944222335e+00
0.000000000000000000e+00 -0.000000000000000000e+00

-1.100057920970653136e+00 -6.782159124331382571e+00
-1.673569406674446869e+00 -7.190047145771727877e+00
-4.047518167974086367e+00 -6.590709106315034482e+00
-1.235544227893204505e+00 -7.883151180076827025e+00
4.408514532248956286e+00 -4.767615607472943218e+00
2.799571493699287927e+00 -6.774044396944223223e+00
0.000000000000000000e+00 -0.000000000000000000e+00

-1.100057920970654690e+00 -6.782159124331380795e+00
-1.673569407630795647e+00 -7.190047145549125496e+00
-4.047518167974084591e+00 -6.590709106315036259e+00
-1.235544227893204505e+00 -7.883151180076827025e+00
4.408514532248953621e+00 -4.767615607472944994e+00
2.799571493699287927e+00 -6.774044396944223223e+00
0.000000000000000000e+00 -0.000000000000000000e+00

-1.100057920970653136e+00 -6.782159124331382571e+00
-1.673569407645654650e+00 -7.190047145545669594e+00
-4.047518167974081926e+00 -6.590709106315038923e+00
-2.513744040538314017e+00 -4.311694924005869400e-01
4.408514532248951845e+00 -4.767615607472947659e+00
2.799571493699288371e+00 -6.774044396944224111e+00
0.000000000000000000e+00 -0.000000000000000000e+00

-1.100057920970651137e+00 -6.782159124331381683e+00
-1.673569407645894014e+00 -7.190047145545611862e+00
-4.047518167974084591e+00 -6.590709106315036259e+00
-1.169271958429048297e+00 -7.893253141402371220e+00
4.408514532248952733e+00 -4.767615607472944994e+00
2.799571493699287927e+00 -6.774044396944224111e+00
0.000000000000000000e+00 -0.000000000000000000e+00

-1.100057920970652914e+00 -6.782159124331382571e+00
-1.673569407645899121e+00 -7.190047145545610974e+00
-4.047518167974087255e+00 -6.590709106315033594e+00
-1.135497050023122068e+00 -7.898182608449596742e+00
4.408514532248956286e+00 -4.767615607472942330e+00
2.799571493699287483e+00 -6.774044396944223223e+00
0.000000000000000000e+00 -0.000000000000000000e+00

-1.100057920970654690e+00 -6.782159124331380795e+00
-1.673569407645898677e+00 -7.190047145545610086e+00
-4.047518167974084591e+00 -6.590709106315036259e+00
-1.135007407499469601e+00 -7.898252987335125042e+00
4.408514532248953621e+00 -4.767615607472944994e+00
2.799571493699287483e+00 -6.774044396944224111e+00
0.000000000000000000e+00 -0.000000000000000000e+00

-1.100057920970656689e+00 -6.782159124331381683e+00
-1.673569407645898233e+00 -7.190047145545610974e+00
1.584681652907727889e+00 -4.686080230404617630e+00
-1.135000099394343653e+00 -7.898254037532709049e+00
2.799571493699287483e+00 -6.774044396944224111e+00
0.000000000000000000e+00 -0.000000000000000000e+00

-1.100057920970654690e+00 -6.782159124331382571e+00
-1.673569407645898011e+00 -7.190047145545610974e+00
-4.497451481580200472e+00 -6.292279397402524843e+00
-1.134999986962350382e+00 -7.898254053689484522e+00
2.799571493699287927e+00 -6.774044396944224111e+00
0.000000000000000000e+00 -0.000000000000000000e+00

-1.100057920970652470e+00 -6.782159124331382571e+00
-1.673569407645897344e+00 -7.190047145545610974e+00
-4.750213501375357694e+00 -6.103713749472160721e+00
-1.134999985177721493e+00 -7.898254053945938935e+00
2.799571493699287039e+00 -6.774044396944224111e+00
0.000000000000000000e+00 -0.000000000000000000e+00

-1.100057920970654690e+00 -6.782159124331380795e+00
-1.673569407645896900e+00 -7.190047145545611862e+00
-4.773361974886500825e+00 -6.085627765551543611e+00
-1.134999985148466228e+00 -7.898254053950142684e+00
2.799571493699287039e+00 -6.774044396944224111e+00
0.000000000000000000e+00 -0.000000000000000000e+00

-1.100057920970656911e+00 -6.782159124331380795e+00
-1.673569407645896234e+00 -7.190047145545610974e+00
-1.134999985147970847e+00 -7.898254053950215514e+00
2.799571493699287039e+00 -6.774044396944224111e+00
0.000000000000000000e+00 -0.000000000000000000e+00

-1.100057920970654690e+00 -6.782159124331382571e+00
-1.673569407645895568e+00 -7.190047145545611862e+00
-1.134999985147960855e+00 -7.898254053950216402e+00
2.799571493699287483e+00 -6.774044396944224999e+00
0.000000000000000000e+00 -0.000000000000000000e+00

-1.100057920970652026e+00 -6.782159124331382571e+00
-1.673569407645894680e+00 -7.190047145545610974e+00
-1.134999985147959967e+00 -7.898254053950217290e+00
2.799571493699286595e+00 -6.774044396944224111e+00
0.000000000000000000e+00 -0.000000000000000000e+00

-1.100057920970654468e+00 -6.782159124331381683e+00
8.454976037986926540e-01 -3.095511003866167066e-01
-1.862614516971241585e+00 -1.754896721870283227e-01
2.799571493699286595e+00 -6.774044396944224111e+00
0.000000000000000000e+00 -0.000000000000000000e+00

-1.100057920970657799e+00 -6.782159124331381683e+00
-1.714662299266364709e+00 -7.180358327886668057e+00
-1.066886581661209865e+00 -7.907742730318060964e+00
2.799571493699286595e+00 -6.774044396944224111e+00
0.000000000000000000e+00 -0.000000000000000000e+00

-1.100057920970654690e+00 -6.782159124331382571e+00
-1.735705667220314607e+00 -7.175300575875279918e+00
-1.032036877381969031e+00 -7.912366393864138203e+00
2.799571493699286595e+00 -6.774044396944224999e+00
0.000000000000000000e+00 -0.000000000000000000e+00

-1.100057920970650915e+00 -6.782159124331382571e+00
-1.736240654679643836e+00 -7.175171141263072982e+00
-1.031337437365227760e+00 -7.912457592765715475e+00
2.799571493699286151e+00 -6.774044396944224999e+00
0.000000000000000000e+00 -0.000000000000000000e+00

-1.100057920970654468e+00 -6.782159124331382571e+00
-1.736254989679026917e+00 -7.175167672479266123e+00
-1.031322816803706077e+00 -7.912459498447177886e+00
2.799571493699285707e+00 -6.774044396944224111e+00
0.000000000000000000e+00 -0.000000000000000000e+00

-1.100057920970658909e+00 -6.782159124331380795e+00
-1.736255395539349822e+00 -7.175167574268725090e+00
-1.031322497854307851e+00 -7.912459540019553650e+00
2.799571493699285263e+00 -6.774044396944223223e+00
0.000000000000000000e+00 -0.000000000000000000e+00

-1.100057920970654690e+00 -6.782159124331383460e+00
-1.736255407720023625e+00 -7.175167571321229509e+00
-1.932434859853489506e+00 -2.265631577915759864e-01
2.799571493699285707e+00 -6.774044396944224111e+00
0.000000000000000000e+00 -0.000000000000000000e+00

-1.100057920970648917e+00 -6.782159124331383460e+00
-1.736255408108932308e+00 -7.175167571227122565e+00
-9.456733898309466202e-01 -7.923152397044533224e+00
2.799571493699284819e+00 -6.774044396944224111e+00
0.000000000000000000e+00 -0.000000000000000000e+00

-1.100057920970654690e+00 -6.782159124331381683e+00
-1.736255408122197474e+00 -7.175167571223912688e+00
-9.016288973776424021e-01 -7.928285274789277359e+00
2.799571493699284819e+00 -6.774044396944224999e+00
0.000000000000000000e+00 -0.000000000000000000e+00

-1.100057920970662684e+00 -6.782159124331379907e+00
-1.736255408122683974e+00 -7.175167571223794560e+00
-9.005454990797302495e-01 -7.928408407184518225e+00
2.799571493699284819e+00 -6.774044396944224111e+00
0.000000000000000000e+00 -0.000000000000000000e+00

-1.736255408122700183e+00 -7.175167571223790119e+00
-9.005174803092532709e-01 -7.928411589636627177e+00
2.799571493699284375e+00 -6.774044396944224999e+00
0.000000000000000000e+00 -0.000000000000000000e+00

-1.736255408122703958e+00 -7.175167571223789231e+00
-9.005167161715676993e-01 -7.928411676428165578e+00
2.799571493699284375e+00 -6.774044396944224999e+00
0.000000000000000000e+00 -0.000000000000000000e+00

-1.736255408122700183e+00 -7.175167571223791896e+00
-9.005166941294611149e-01 -7.928411678931729156e+00
2.799571493699283486e+00 -6.774044396944224111e+00
0.000000000000000000e+00 -0.000000000000000000e+00

-1.736255408122695965e+00 -7.175167571223791896e+00
-9.005166934547128577e-01 -7.928411679008367408e+00
2.799571493699283486e+00 -6.774044396944225888e+00
0.000000000000000000e+00 -0.000000000000000000e+00

-1.736255408122700628e+00 -7.175167571223791008e+00
-9.005166934327129002e-01 -7.928411679010866742e+00
2.799571493699283042e+00 -6.774044396944225888e+00
0.000000000000000000e+00 -0.000000000000000000e+00

-1.736255408122706179e+00 -7.175167571223789231e+00
-9.005166934319455141e-01 -7.928411679010952895e+00
2.799571493699282598e+00 -6.774044396944225888e+00
0.000000000000000000e+00 -0.000000000000000000e+00

-1.736255408122700628e+00 -7.175167571223789231e+00
-9.005166934319159822e-01 -7.928411679010958224e+00
2.799571493699282154e+00 -6.774044396944226776e+00
0.000000000000000000e+00 -0.000000000000000000e+00

-1.736255408122693300e+00 -7.175167571223792784e+00
-9.005166934319174254e-01 -7.928411679010957336e+00
2.799571493699281710e+00 -6.774044396944226776e+00
0.000000000000000000e+00 -0.000000000000000000e+00

-1.736255408122701294e+00 -7.175167571223791008e+00
-9.005166934319190908e-01 -7.928411679010957336e+00
2.799571493699280822e+00 -6.774044396944225888e+00
0.000000000000000000e+00 -0.000000000000000000e+00

-9.005166934319212002e-01 -7.928411679010956448e+00
2.799571493699280822e+00 -6.774044396944227664e+00
0.000000000000000000e+00 -0.000000000000000000e+00

-9.005166934319238647e-01 -7.928411679010955559e+00
2.799571493699279490e+00 -6.774044396944226776e+00
0.000000000000000000e+00 -0.000000000000000000e+00

-9.005166934319271954e-01 -7.928411679010956448e+00
2.799571493699278601e+00 -6.774044396944226776e+00
0.000000000000000000e+00 -0.000000000000000000e+00

-9.005166934319314143e-01 -7.928411679010955559e+00
2.799571493699277713e+00 -6.774044396944227664e+00
0.000000000000000000e+00 -0.000000000000000000e+00

-9.005166934319368544e-01 -7.928411679010954671e+00
2.799571493699276825e+00 -6.774044396944227664e+00
0.000000000000000000e+00 -0.000000000000000000e+00

-9.005166934319444039e-01 -7.928411679010954671e+00
2.799571493699275493e+00 -6.774044396944229440e+00
0.000000000000000000e+00 -0.000000000000000000e+00

-9.005166934319550620e-01 -7.928411679010952895e+00
2.799571493699274161e+00 -6.774044396944230328e+00
0.000000000000000000e+00 -0.000000000000000000e+00

-1.318289894370612503e+00 -9.286926195443003795e-01
0.000000000000000000e+00 -0.000000000000000000e+00

2.932224320445477428e+00 -6.717688484493245404e+00
0.000000000000000000e+00 -0.000000000000000000e+00

3.001717812670014141e+00 -6.686925168805514019e+00
0.000000000000000000e+00 -0.000000000000000000e+00

3.005407849046355828e+00 -6.685267511550726738e+00
0.000000000000000000e+00 -0.000000000000000000e+00

3.005627639384230942e+00 -6.685168698954025324e+00
0.000000000000000000e+00 -0.000000000000000000e+00

3.005642503337021765e+00 -6.685162016154809983e+00
0.000000000000000000e+00 -0.000000000000000000e+00

3.005643665791831509e+00 -6.685161493516108777e+00
0.000000000000000000e+00 -0.000000000000000000e+00

3.005643773559379728e+00 -6.685161445063897645e+00
0.000000000000000000e+00 -0.000000000000000000e+00

0.000000000000000000e+00 -0.000000000000000000e+00
