
6.150815369862939974e+00 7.233639570144734243e+00
9.476567891392708276e+00 2.089380191061165792e+00
6.628364371631039198e+00 7.666636123199542574e+00
9.180365916788328917e+00 6.240738273103880296e+00
6.240460023252916599e+00 9.192665694442872848e+00
4.843234572211296829e+00 2.715727106594266527e+00
1.542610240313496250e+00 4.522750015156889347e+00
7.223912728981422227e+00 1.586978336012319524e+00
8.038122147202901857e+00 2.737989852016086356e+00
3.559083276495369041e+00 8.409794977632689239e+00
5.000000000000000000e+00 5.000000000000000000e+00

6.148322422034811829e+00 7.200997177004632377e+00
9.444383633957629698e+00 2.077843867958753865e+00
6.623297063840385412e+00 7.630437637441983334e+00
9.160556264989486053e+00 6.210594290012561025e+00
6.240039311725460891e+00 9.154760622768371547e+00
4.856023064225574615e+00 2.679376967504720319e+00
1.567261313090838604e+00 4.503045409758306583e+00
7.203676260322797731e+00 1.571895048650851834e+00
8.019293865016999590e+00 2.719595503574109951e+00
3.570512330999318085e+00 8.379049820576710772e+00
5.000000000000000000e+00 5.000000000000000000e+00

6.141944376267661099e+00 7.132585909608980757e+00
9.378235899608183601e+00 2.047218831273068584e+00
6.612191378439189471e+00 7.557455276567019986e+00
9.120075843411125760e+00 6.144690417468730459e+00
6.233442793231227519e+00 9.075239870733474490e+00
4.875862410720426254e+00 2.604713882173194772e+00
1.611365996703941983e+00 4.455387335030470020e+00
7.156486132353802709e+00 1.535288342183991350e+00
7.975462680914940705e+00 2.676629521332859252e+00
3.587456810594363610e+00 8.307737745114300409e+00
5.000000000000000000e+00 5.000000000000000000e+00

6.135563638644955908e+00 7.064174893178042147e+00
9.312098968242590757e+00 2.016570461151946603e+00
6.601083556561555099e+00 7.484473240798809712e+00
9.079600632433262319e+00 6.078783344398303257e+00
6.226834167943459342e+00 8.995720123006853086e+00
4.895656463762342980e+00 2.530038762002497776e+00
1.655451252834187370e+00 4.407711281417829419e+00
7.109300161469415791e+00 1.498676276789010497e+00
7.931631769005549337e+00 2.633663261417853896e+00
3.604384125970379493e+00 8.236421591276860354e+00
5.000000000000000000e+00 5.000000000000000000e+00

6.129182887643482402e+00 6.995763877994948921e+00
9.245962129073529212e+00 1.985921892077493922e+00
6.589975724014576208e+00 7.411491206654467589e+00
9.039125450587860655e+00 6.012876253436889584e+00
6.220225488110077805e+00 8.916200379813338017e+00
4.915449798125108849e+00 2.455363451332417402e+00
1.699536398792074854e+00 4.360035125930639133e+00
7.062114249826371370e+00 1.462064135043239510e+00
7.887800859506296725e+00 2.590696999044208582e+00
3.621311365381886471e+00 8.165105419408790866e+00
5.000000000000000000e+00 5.000000000000000000e+00

6.122802136574847509e+00 6.927352862818120016e+00
9.179825290704362928e+00 1.955273321276941756e+00
6.578867891413777258e+00 7.338509172518316248e+00
8.998650268907173455e+00 5.946969162374321272e+00
6.213616808028710636e+00 8.836680636640432240e+00
4.935243120712415887e+00 2.380688137541150162e+00
1.743621544118250322e+00 4.312358969859317881e+00
7.014928339052208806e+00 1.425451992177649618e+00
7.843969950028769844e+00 2.547730736648400995e+00
3.638238604454210545e+00 8.093789247460215108e+00
5.000000000000000000e+00 5.000000000000000000e+00

6.116421385505872443e+00 6.858941847641323086e+00
9.113688452342257662e+00 1.924624750461149558e+00
6.567760058812704749e+00 7.265527138382206651e+00
8.958175087227427724e+00 5.881062071311173867e+00
6.207008127946205711e+00 8.757160893467620610e+00
4.955036443100243382e+00 2.306012823697009217e+00
1.787706689440761609e+00 4.264682813784608229e+00
6.967742428291175294e+00 1.388839849295139039e+00
7.800139040551441916e+00 2.504764474252390016e+00
3.655165843525006508e+00 8.022473075511276974e+00
5.000000000000000000e+00 5.000000000000000000e+00

6.110040634436895601e+00 6.790530832464526156e+00
9.047551613980216345e+00 1.893976179645220359e+00
6.556652226211630463e+00 7.192545104246097942e+00
8.917699905547687322e+00 5.815154980248023797e+00
6.200399447863695457e+00 8.677641150294810757e+00
4.974829765484573230e+00 2.231337509851941459e+00
1.831791834763251359e+00 4.217006657709879036e+00
6.920556517530346063e+00 1.352227706412364672e+00
7.756308131074115764e+00 2.461798211856376817e+00
3.672093082595795366e+00 7.951156903562336176e+00
5.000000000000000000e+00 5.000000000000000000e+00

6.103659883367918759e+00 6.722119817287729227e+00
8.981414775618175028e+00 1.863327608829290050e+00
6.545544393610556178e+00 7.119563070109989233e+00
8.877224723867946921e+00 5.749247889184873728e+00
6.193790767781185203e+00 8.598121407122000903e+00
4.994623087868839129e+00 2.156662196006856824e+00
1.875876980085740886e+00 4.169330501635149844e+00
6.873370606769520386e+00 1.315615563529586085e+00
7.712477221596789612e+00 2.418831949460363617e+00
3.689020321666584223e+00 7.879840731613395377e+00
5.000000000000000000e+00 5.000000000000000000e+00

6.097279132298941917e+00 6.653708802110932297e+00
8.915277937256133711e+00 1.832679038013359740e+00
6.534436561009481892e+00 7.046581035973880525e+00
8.836749542188206519e+00 5.683340798121723658e+00
6.187182087698674948e+00 8.518601663949191050e+00
5.014416410253104139e+00 2.081986882161771746e+00
1.919962125408230413e+00 4.121654345560420651e+00
6.826184696008694708e+00 1.279003420646807498e+00
7.668646312119463460e+00 2.375865687064350418e+00
3.705947560737373081e+00 7.808524559664454578e+00
5.000000000000000000e+00 5.000000000000000000e+00

6.090898381229965075e+00 6.585297786934135367e+00
8.849141098894092394e+00 1.802030467197429431e+00
6.523328728408407606e+00 6.973599001837771816e+00
8.796274360508466117e+00 5.617433707058573589e+00
6.180573407616164694e+00 8.439081920776381196e+00
5.034209732637369150e+00 2.007311568316686667e+00
1.964047270730719941e+00 4.073978189485691459e+00
6.778998785247869030e+00 1.242391277764028912e+00
7.624815402642137308e+00 2.332899424668337218e+00
3.722874799808161939e+00 7.737208387715513780e+00
5.000000000000000000e+00 5.000000000000000000e+00

6.084517630160988233e+00 6.516886771757338437e+00
8.783004260532051077e+00 1.771381896381499121e+00
6.512220895807333321e+00 6.900616967701663107e+00
8.755799178828725715e+00 5.551526615995423519e+00
6.173964727533654440e+00 8.359562177603571342e+00
5.054003055021634161e+00 1.932636254471601589e+00
2.008132416053209468e+00 4.026302033410962267e+00
6.731812874487043352e+00 1.205779134881250325e+00
7.580984493164811155e+00 2.289933162272324019e+00
3.739802038878950796e+00 7.665892215766572981e+00
5.000000000000000000e+00 5.000000000000000000e+00

6.078136879092011391e+00 6.448475756580541507e+00
8.716867422170009760e+00 1.740733325565568812e+00
6.501113063206259035e+00 6.827634933565554398e+00
8.715323997148985313e+00 5.485619524932273450e+00
6.167356047451144185e+00 8.280042434430761489e+00
5.073796377405899172e+00 1.857960940626516511e+00
2.052217561375698995e+00 3.978625877336233074e+00
6.684626963726217674e+00 1.169166991998471739e+00
7.537153583687485003e+00 2.246966899876310819e+00
3.756729277949739654e+00 7.594576043817632183e+00
5.000000000000000000e+00 5.000000000000000000e+00

6.071756128023034549e+00 6.380064741403744577e+00
8.650730583807968443e+00 1.710084754749638503e+00
6.490005230605184749e+00 6.754652899429445689e+00
8.674848815469244911e+00 5.419712433869123380e+00
6.160747367368633931e+00 8.200522691257951635e+00
5.093589699790164183e+00 1.783285626781431432e+00
2.096302706698188523e+00 3.930949721261503882e+00
6.637441052965391997e+00 1.132554849115693152e+00
7.493322674210158851e+00 2.204000637480297620e+00
3.773656517020528511e+00 7.523259871868691384e+00
5.000000000000000000e+00 5.000000000000000000e+00

6.065375376954057707e+00 6.311653726226947647e+00
8.584593745445927127e+00 1.679436183933707971e+00
6.521331524131202428e+00 6.719675301035684001e+00
8.634373633789504510e+00 5.353805342805973311e+00
6.154138687286123677e+00 8.121002948085141782e+00
5.113383022174429193e+00 1.708610312936346354e+00
2.140387852020678050e+00 3.883273565186774690e+00
6.590255142204566319e+00 1.095942706232914565e+00
7.449491764732832699e+00 2.161034375084284420e+00
3.790583756091317369e+00 7.451943699919750586e+00
5.000000000000000000e+00 5.000000000000000000e+00

6.058994625885080865e+00 6.243242711050150717e+00
8.518456907083885810e+00 1.648787613117777440e+00
6.531238976030016907e+00 6.665726766656486113e+00
8.593898452109764108e+00 5.287898251742823241e+00
6.147530007203613422e+00 8.041483204912331928e+00
5.133176344558694204e+00 1.633934999091261275e+00
2.184472997343167577e+00 3.835597409112045497e+00
6.543069231443740641e+00 1.059330563350135979e+00
7.405660855255506547e+00 2.118068112688271221e+00
3.807510995162106227e+00 7.380627527970809787e+00
5.000000000000000000e+00 5.000000000000000000e+00

6.052613874816104023e+00 6.174831695873353787e+00
8.452320068721844493e+00 1.618139042301846908e+00
6.519625499058382623e+00 6.592823558784039584e+00
8.553423270430023706e+00 5.221991160679673172e+00
6.140921327121103168e+00 7.961963461739521186e+00
5.152969666942959215e+00 1.559259685246176197e+00
2.228558142665657105e+00 3.787921253037316305e+00
6.495883320682914963e+00 1.022718420467357392e+00
7.361829945778180395e+00 2.075101850292258021e+00
3.824438234232895084e+00 7.309311356021868988e+00
5.000000000000000000e+00 5.000000000000000000e+00

6.046233123747127181e+00 6.106420680696556857e+00
8.386183230359803176e+00 1.587490471485916377e+00
6.507909348422960427e+00 6.519936707667579157e+00
8.512948088750283304e+00 5.156084069616523102e+00
6.134312647038592914e+00 7.882443718566710444e+00
5.172762989327224226e+00 1.484584371401091119e+00
2.272643287988146632e+00 3.740245096962587112e+00
6.448697409922089285e+00 9.861062775845786943e-01
7.317999036300854243e+00 2.032135587896244822e+00
3.841365473303683942e+00 7.237995184072928190e+00
5.000000000000000000e+00 5.000000000000000000e+00

6.039852372678150338e+00 6.038009665519759928e+00
8.320046391997761859e+00 1.556841900669985845e+00
6.496192607958491294e+00 6.447049951362843423e+00
8.472472907070542902e+00 5.090176978553373033e+00
6.127703966956082660e+00 7.802923975393899703e+00
5.192556311711489236e+00 1.409909057556006040e+00
2.316728433310636159e+00 3.692568940887857920e+00
6.401511499161263608e+00 9.494941347017999966e-01
7.274168126823528091e+00 1.989169325500231844e+00
3.858292712374472799e+00 7.166679012123987391e+00
5.000000000000000000e+00 5.000000000000000000e+00

6.033471621609173496e+00 5.969598650342962998e+00
8.253909553635720542e+00 1.526193329854055314e+00
6.484475864065471384e+00 6.374163195609256150e+00
8.431997725390802501e+00 5.024269887490222963e+00
6.121095286873572405e+00 7.723404232221088961e+00
5.212349634095754247e+00 1.335233743710920962e+00
2.360813578633125687e+00 3.644892784813128728e+00
6.354325588400437930e+00 9.128819918190214100e-01
7.230337217346201939e+00 1.946203063104218867e+00
3.875219951445261657e+00 7.095362840175046593e+00
5.000000000000000000e+00 5.000000000000000000e+00

6.027090870540196654e+00 5.901187635166166068e+00
8.187772715273679225e+00 1.495544759038124782e+00
6.472759120152287160e+00 6.301276439858910727e+00
8.391522543711062099e+00 4.958362796427072894e+00
6.114486606791062151e+00 7.643884489048278219e+00
5.232142956480019258e+00 1.260558429865835883e+00
2.404898723955615214e+00 3.597216628738399535e+00
6.307139677639612252e+00 8.762698489362428234e-01
7.186506307868875787e+00 1.903236800708205667e+00
3.892147190516050514e+00 7.024046668226105794e+00
5.000000000000000000e+00 5.000000000000000000e+00

6.020710119471219812e+00 5.832776619989369138e+00
8.121635876911637908e+00 1.464896188222194251e+00
6.461042376238983032e+00 6.228389684108583957e+00
8.351047362031321697e+00 4.892455705363922824e+00
6.107877926708551897e+00 7.564364745875467477e+00
5.251936278864284269e+00 1.185883116020750805e+00
2.448983869278104741e+00 3.549540472663670343e+00
6.259953766878786574e+00 8.396577060534642367e-01
7.142675398391549635e+00 1.860270538312192468e+00
3.909074429586839372e+00 6.952730496277164995e+00
5.000000000000000000e+00 5.000000000000000000e+00

6.014329368402242970e+00 5.764365604812572208e+00
8.055499038549596591e+00 1.434247617406263720e+00
6.449325632325678015e+00 6.155502928358258075e+00
8.310572180351581295e+00 4.826548614300772755e+00
6.101269246626041642e+00 7.484845002702656735e+00
5.271729601248549280e+00 1.111207802175665726e+00
2.493069014600594269e+00 3.501864316588941151e+00
6.212767856117960896e+00 8.030455631706856501e-01
7.098844488914223483e+00 1.817304275916179490e+00
3.926001668657628230e+00 6.881414324328224197e+00
5.000000000000000000e+00 5.000000000000000000e+00

6.044898932587241980e+00 5.723799144813754403e+00
7.989362200187556162e+00 1.403599046590333188e+00
6.480326072089763301e+00 6.121026352829444406e+00
8.270096998671840893e+00 4.760641523237622685e+00
6.094660566543531388e+00 7.405325259529845994e+00
5.291522923632814290e+00 1.036532488330580648e+00
2.537154159923083796e+00 3.454188160514211958e+00
6.165581945357135218e+00 7.664334202879070634e-01
7.055013579436897331e+00 1.774338013520166291e+00
3.942928907728417087e+00 6.810098152379283398e+00
5.000000000000000000e+00 5.000000000000000000e+00

6.056780708096269450e+00 5.669330906526736769e+00
7.923225361825515733e+00 1.372950475774402657e+00
6.489747129045158935e+00 6.067380866723971700e+00
8.229621816992100491e+00 4.694734432174472616e+00
6.088051886461021134e+00 7.325805516357035252e+00
5.311316246017079301e+00 9.618571744854955696e-01
2.581239305245573323e+00 3.406512004439482766e+00
6.118396034596309541e+00 7.298212774051284768e-01
7.011182669959571179e+00 1.731371751124153091e+00
3.959856146799205945e+00 6.738781980430342600e+00
5.000000000000000000e+00 5.000000000000000000e+00

6.085701742864319641e+00 5.623668602122396720e+00
7.857088523463475305e+00 1.342301904958472125e+00
6.520396188838486040e+00 6.034043308499898117e+00
8.189146635312360090e+00 4.628827341111322546e+00
6.081443206378510880e+00 7.246285773184224510e+00
5.331109568401344312e+00 8.871818606404104912e-01
2.625324450568062851e+00 3.358835848364753573e+00
6.071210123835483863e+00 6.932091345223498902e-01
6.967351760482245027e+00 1.688405488728139892e+00
3.976783385869994802e+00 6.667465808481401801e+00
5.000000000000000000e+00 5.000000000000000000e+00

6.112961056074716737e+00 5.576214739989372227e+00
7.790951685101434876e+00 1.311653334142541594e+00
6.529277715514126612e+00 5.981057558584361722e+00
8.148671453632619688e+00 4.562920250048172477e+00
6.074834526296000625e+00 7.166766030011413768e+00
5.350902890785609323e+00 8.125065467953254128e-01
2.669409595890552378e+00 3.311159692290024381e+00
6.024024213074658185e+00 6.565969916395713035e-01
6.923520851004918875e+00 1.645439226332126692e+00
3.993710624940783660e+00 6.596149636532461003e+00
5.000000000000000000e+00 5.000000000000000000e+00

6.138815897167223312e+00 5.526276011855672188e+00
7.724814846739394447e+00 1.281004763326611062e+00
6.559315506575057242e+00 5.950168452350922621e+00
8.108196271952879286e+00 4.497013158985022407e+00
6.068225846213490371e+00 7.087246286838603027e+00
5.370696213169874333e+00 7.378312329502403344e-01
2.713494741213041905e+00 3.263483536215295189e+00
5.976838302313832507e+00 6.199848487567927169e-01
6.879689941527592723e+00 1.602472963936113493e+00
4.010637864011572518e+00 6.524833464583520204e+00
5.000000000000000000e+00 5.000000000000000000e+00

6.163020893858019988e+00 5.473898486752135639e+00
7.658678008377354018e+00 1.250356192510680531e+00
6.567558098646852471e+00 5.898467113554599628e+00
8.067721090273138884e+00 4.431106067921872338e+00
6.061617166130980117e+00 7.007726543665792285e+00
5.357427529529610766e+00 6.695838473648066946e-01
2.757579886535531433e+00 3.215807380140565996e+00
5.968260785183193917e+00 5.758664467471144022e-01
6.835859032050266570e+00 1.559506701540100293e+00
4.027565103082361375e+00 6.453517292634579405e+00
5.000000000000000000e+00 5.000000000000000000e+00

6.185331499104515629e+00 5.419144777293965376e+00
7.592541170015313590e+00 1.219707621694749999e+00
6.596667462605005028e+00 5.870731148187825710e+00
8.027245908593398482e+00 4.365198976858722268e+00
6.055008486048469862e+00 6.928206800492981543e+00
5.346963494816068696e+00 6.013811406186038155e-01
2.801665031858020960e+00 3.168131224065836804e+00
5.961734992818339407e+00 5.333324992659559394e-01
6.792028122572940418e+00 1.516540439144087093e+00
4.044492342153150233e+00 6.382201120685638607e+00
5.000000000000000000e+00 5.000000000000000000e+00

6.205500396956610487e+00 5.362107612043679694e+00
7.526404331653273161e+00 1.189059050878819468e+00
6.604119422396676597e+00 5.820667645889918695e+00
7.986770726913658081e+00 4.299291885795572199e+00
6.048399805965959608e+00 6.848687057320170801e+00
5.339511185346903943e+00 5.340547786976923561e-01
2.845750177180510487e+00 3.120455067991107612e+00
6.748197213095614266e+00 1.473574176748073894e+00
4.061419581223939090e+00 6.310884948736697808e+00
5.000000000000000000e+00 5.000000000000000000e+00

6.223281616216254086e+00 5.302911764834350450e+00
7.460267493291232732e+00 1.158410480062888936e+00
6.589874615150098869e+00 5.748232608435124291e+00
7.946295545233917679e+00 4.233384794732422129e+00
6.041791125883449354e+00 6.769167314147360059e+00
2.889835322503000015e+00 3.072778911916378419e+00
6.704366303618288114e+00 1.430607914352060694e+00
4.078346820294727948e+00 6.239568776787757010e+00
5.000000000000000000e+00 5.000000000000000000e+00

6.227401401019012184e+00 5.238983448716669322e+00
7.394130654929192303e+00 1.127761909246958405e+00
6.616851481222086662e+00 5.726024956632433494e+00
7.905820363554177277e+00 4.167477703669272060e+00
6.035182445800939099e+00 6.689647570974549318e+00
2.933920467825489542e+00 3.025102755841649227e+00
6.660535394140961962e+00 1.387641651956047495e+00
4.095274059365516806e+00 6.168252604838816211e+00
5.000000000000000000e+00 5.000000000000000000e+00

6.239799368630133181e+00 5.175308399681290084e+00
7.327993816567151875e+00 1.097113338431027874e+00
6.622963362216070848e+00 5.678754630006654480e+00
7.865345181874436875e+00 4.101570612606121990e+00
6.028573765718428845e+00 6.610127827801738576e+00
2.978005613147979069e+00 2.977426599766920035e+00
6.616704484663635810e+00 1.344675389560034295e+00
4.112201298436305663e+00 6.096936432889875412e+00
5.000000000000000000e+00 5.000000000000000000e+00

6.248942013551251229e+00 5.110650656975185058e+00
7.261856978205111446e+00 1.066464767615097342e+00
6.608110081219442655e+00 5.606441901295998953e+00
7.824870000194696473e+00 4.035663521542971921e+00
6.021965085635918591e+00 6.530608084628927834e+00
3.022090758470468597e+00 2.929750443692190842e+00
6.572873575186309658e+00 1.301709127164021096e+00
4.087554083283579942e+00 6.076988362105041119e+00
5.000000000000000000e+00 5.000000000000000000e+00

6.248319994597633098e+00 5.044097844834748656e+00
7.195720139843071017e+00 1.035816196799166811e+00
6.593155452214572776e+00 5.534149990803998165e+00
7.784394818514956071e+00 3.969756430479821407e+00
6.015356405553408337e+00 6.451088341456117092e+00
3.066175903792958124e+00 2.882074287617461650e+00
6.529042665708983506e+00 1.258742864768007896e+00
4.083864017344066788e+00 6.031397000734844305e+00
5.000000000000000000e+00 5.000000000000000000e+00

6.250702367106223178e+00 4.976657740943111641e+00
7.129583301481030588e+00 1.005167625983236279e+00
6.578200139435906202e+00 5.461858221760559573e+00
7.743919636835215670e+00 3.903849339416670894e+00
6.008747725470898082e+00 6.371568598283306351e+00
3.110261049115447651e+00 2.834398131542732457e+00
6.485211756231657354e+00 1.215776602371994697e+00
4.058205497207588053e+00 6.008605880010252420e+00
5.000000000000000000e+00 5.000000000000000000e+00

6.246504666747352275e+00 4.909015309789420911e+00
7.063446463118990160e+00 9.745190551673058588e-01
6.563244821979497878e+00 5.389566453684825120e+00
7.703444455155475268e+00 3.837942248353520380e+00
6.002139045388387828e+00 6.292048855110495609e+00
3.154346194437937179e+00 2.786721975468003265e+00
6.441380846754331202e+00 1.172810339975981497e+00
4.054306456386560065e+00 5.961684791300601027e+00
5.000000000000000000e+00 5.000000000000000000e+00

6.241521053006118258e+00 4.840739012191040302e+00
6.997309624756949731e+00 9.438704843513754383e-01
6.548289504490644397e+00 5.317274685615802632e+00
7.662969273475734866e+00 3.772035157290369867e+00
5.995530365305877574e+00 6.212529111937684867e+00
3.198431339760426706e+00 2.739045819393274073e+00
6.397549937277005050e+00 1.129844077579968298e+00
4.027868436867137802e+00 5.935686392873575024e+00
5.000000000000000000e+00 5.000000000000000000e+00

6.233551354811496026e+00 4.772688466295798904e+00
6.931172786394909302e+00 9.132219135354450179e-01
6.570618454823315524e+00 5.302900488889668473e+00
7.622494091795994464e+00 3.706128066227219353e+00
5.988921685223367319e+00 6.133009368764874125e+00
3.242516485082916233e+00 2.691369663318544880e+00
6.353719027799678898e+00 1.086877815183955098e+00
4.001735914385058379e+00 5.908536003466831943e+00
5.000000000000000000e+00 5.000000000000000000e+00

6.222573197272546430e+00 4.704863245777580083e+00
6.865035948032868873e+00 8.825733427195145975e-01
6.574131957995686726e+00 5.259603794288454814e+00
7.582018910116254062e+00 3.640220975164068840e+00
5.982313005140857065e+00 6.053489625592063383e+00
3.286601630405405761e+00 2.643693507243815688e+00
6.309888118322352746e+00 1.043911552787941899e+00
3.975437510845592826e+00 5.879640338724564153e+00
5.000000000000000000e+00 5.000000000000000000e+00

6.211572788769738729e+00 4.637041626846250431e+00
6.798899109670828445e+00 8.519247719035841770e-01
6.558742559896569624e+00 5.187403242474852405e+00
7.541543728436513661e+00 3.574313884100918326e+00
5.975704325058346811e+00 5.973969882419252642e+00
3.330686775727895288e+00 2.596017351169086496e+00
6.266057208845026594e+00 1.000945290391928699e+00
3.949069701776178665e+00 5.848928391006388061e+00
5.000000000000000000e+00 5.000000000000000000e+00

6.200572210879876422e+00 4.569220035388859458e+00
6.732762271308788016e+00 8.212762010876537566e-01
6.543265068592229561e+00 5.115221468360921619e+00
7.501068546756773259e+00 3.508406793037767812e+00
5.969095644975836557e+00 5.894450139246441900e+00
3.374771921050384815e+00 2.548341195094357303e+00
6.222226299367700442e+00 9.579790279959156107e-01
3.922729833846404279e+00 5.816320970225233644e+00
5.000000000000000000e+00 5.000000000000000000e+00

6.189571631680534480e+00 4.501398444143864808e+00
6.666625432946747587e+00 7.906276302717233362e-01
6.527786933452986773e+00 5.043039832300570069e+00
7.460593365077032857e+00 3.442499701974617299e+00
5.962486964893326302e+00 5.814930396073631158e+00
3.418857066372874343e+00 2.500665039019628111e+00
6.178395389890374290e+00 9.150127655999025222e-01
3.896526909448344345e+00 5.781741889508711374e+00
5.000000000000000000e+00 5.000000000000000000e+00

6.178571052470910985e+00 4.433576852900537268e+00
6.600488594584707158e+00 7.599790594557929158e-01
6.512308793537175511e+00 4.970858197264472977e+00
7.420118183397292455e+00 3.376592610911466785e+00
5.998943086586545625e+00 5.771873293173375608e+00
3.462942211695363870e+00 2.452988882944898918e+00
6.134564480413048138e+00 8.720465032038893227e-01
3.870581917691060525e+00 5.745119059616943247e+00
5.000000000000000000e+00 5.000000000000000000e+00

6.167570473261204889e+00 4.365755261657223052e+00
6.534351756222666729e+00 7.293304886398623843e-01
6.496830653585393911e+00 4.898676562236089715e+00
7.379643001717552053e+00 3.310685519848316272e+00
6.013580783332088231e+00 5.710609677393396311e+00
3.507027357017853397e+00 2.405312726870169726e+00
6.090733570935721986e+00 8.290802408078761232e-01
3.845028242867353452e+00 5.706385944361276330e+00
5.000000000000000000e+00 5.000000000000000000e+00

6.156569894051497904e+00 4.297933670413908835e+00
6.524609001742883052e+00 6.860014279847729268e-01
6.481352513633336976e+00 4.826494927207765073e+00
7.339167820037811651e+00 3.244778428785165758e+00
6.048514920245774640e+00 5.660781239948119214e+00
3.551112502340342925e+00 2.357636570795440534e+00
6.046902661458395833e+00 7.861139784118629237e-01
3.820011929914231441e+00 5.665483184108064840e+00
5.000000000000000000e+00 5.000000000000000000e+00

6.145569314841790920e+00 4.230112079170594619e+00
6.486201095563862040e+00 6.500661129166680485e-01
6.465874373681278264e+00 4.754313292179441319e+00
7.298692638358071250e+00 3.178871337722015245e+00
6.081453262160627204e+00 5.608515314619198833e+00
3.595197647662832452e+00 2.309960414720711341e+00
6.003071751981069681e+00 7.431477160158497242e-01
3.795691773082098486e+00 5.622360389107625700e+00
5.000000000000000000e+00 5.000000000000000000e+00

6.134568735632083936e+00 4.162290487927280402e+00
6.418891118306661703e+00 6.220946618016931495e-01
6.450396233729219553e+00 4.682131657151117565e+00
7.258217456678330848e+00 3.112964246658864731e+00
6.112766042703690061e+00 5.552866249013008293e+00
3.639282792985321979e+00 2.262284258645982149e+00
5.959240842503743529e+00 7.001814536198365246e-01
3.772239186998767924e+00 5.576978094769849292e+00
5.000000000000000000e+00 5.000000000000000000e+00

6.123568156422376951e+00 4.094468896683966186e+00
6.412475169138061482e+00 5.843278034608793137e-01
6.434918093777160841e+00 4.609950022122793811e+00
7.217742274998590446e+00 3.047057155595714217e+00
6.142074816406132953e+00 5.493875836435664795e+00
3.683367938307811507e+00 2.214608102571252957e+00
5.915409933026417377e+00 6.572151912238233251e-01
3.749837816309093519e+00 5.529309863792610358e+00
5.000000000000000000e+00 5.000000000000000000e+00

6.112567577212669967e+00 4.026647305440651969e+00
6.375046983361600361e+00 5.529151311086234477e-01
6.419439953825102130e+00 4.537768387094470057e+00
7.177267093318850044e+00 2.981150064532563704e+00
6.168998625201289165e+00 5.431615240313774073e+00
3.727453083630301034e+00 2.166931946496523764e+00
5.871579023549091225e+00 6.142489288278101256e-01
3.728682837987391530e+00 5.479344511352182145e+00
5.000000000000000000e+00 5.000000000000000000e+00

6.101566998002962983e+00 3.958825714197338197e+00
6.306383806657602342e+00 5.284538032516571393e-01
6.403961813873043418e+00 4.465586752066146303e+00
7.136791911639109642e+00 2.915242973469413190e+00
6.177553164113391837e+00 5.360450863595447757e+00
3.771538228952790561e+00 2.119255790421794572e+00
5.827748114071765073e+00 5.712826664317969261e-01
3.708979909736176417e+00 5.427088419471599146e+00
5.000000000000000000e+00 5.000000000000000000e+00

6.090566418793255998e+00 3.891004122954024425e+00
6.237491978408433724e+00 5.046350815990491290e-01
6.388483673920984707e+00 4.393405117037822549e+00
7.096316729959369241e+00 2.849335882406262677e+00
6.198809995073748524e+00 5.291007144396912665e+00
3.815623374275280089e+00 2.071579634347065380e+00
5.783917204594438921e+00 5.283164040357836155e-01
3.690943719074269325e+00 5.372567895302015728e+00
5.000000000000000000e+00 5.000000000000000000e+00

6.079565839583549014e+00 3.823182531710710652e+00
6.236065903926313325e+00 4.773210913268538524e-01
6.373005533968925995e+00 4.321223482009498795e+00
7.055841548279628839e+00 2.783428791343112163e+00
6.216108815188824188e+00 5.219744294476465818e+00
3.859708519597769616e+00 2.023903478272336187e+00
3.674796091294804778e+00 5.315831515615774272e+00
5.000000000000000000e+00 5.000000000000000000e+00

6.068565260373842030e+00 3.755360940467396880e+00
6.200529190283648795e+00 4.529100067392556883e-01
6.357527394016867284e+00 4.249041846981175041e+00
7.015366366599888437e+00 2.717521700279961649e+00
6.229426099649072235e+00 5.146043782410522738e+00
3.903793664920259143e+00 1.976227322197606773e+00
3.660763620969580856e+00 5.256952386699459190e+00
5.000000000000000000e+00 5.000000000000000000e+00

6.057564681164135045e+00 3.687539349224083107e+00
6.130697860602224658e+00 4.320152691730270722e-01
6.342049254064808572e+00 4.176860211952851287e+00
6.974891184920148035e+00 2.651614609216811136e+00
6.230276974314627125e+00 5.069337522921775196e+00
3.947878810242748671e+00 1.928551166122877358e+00
3.649074801600903140e+00 5.196030235605536340e+00
5.000000000000000000e+00 5.000000000000000000e+00

6.046564101954428949e+00 3.619717757980769335e+00
6.060672723762900560e+00 4.117693998799867305e-01
6.326571114112749861e+00 4.104678576924527533e+00
6.934416003240407633e+00 2.585707518153660622e+00
6.234672552271373291e+00 4.991345432620381217e+00
3.991963955565238198e+00 1.880875010048147944e+00
3.656002336436014133e+00 5.130864875303122297e+00
5.000000000000000000e+00 5.000000000000000000e+00

6.035563522744722853e+00 3.551896166737455562e+00
6.346219203172681844e+00 4.093334149710233127e+00
6.893940821560667231e+00 2.519800427090510109e+00
6.230760634221432781e+00 4.912933066495028811e+00
4.036049100887727725e+00 1.833198853973418530e+00
3.649627040500623476e+00 5.065389836093041609e+00
5.000000000000000000e+00 5.000000000000000000e+00

6.024562943535015869e+00 3.484074575494141790e+00
6.348106296631295997e+00 4.051614118962163502e+00
6.853465639880926830e+00 2.453893336027359595e+00
6.218474366318635482e+00 4.834090773960240561e+00
4.080134246210217697e+00 1.785522697898689115e+00
3.646417306834739414e+00 4.999105260254106398e+00
5.000000000000000000e+00 5.000000000000000000e+00

6.013562364325308884e+00 3.416252984250828018e+00
6.332132345088600012e+00 3.979540659060035068e+00
6.812990458201186428e+00 2.387986244964209082e+00
6.206119518926684897e+00 4.755259168926001756e+00
4.124219391532707668e+00 1.737846541823959701e+00
3.646462020016346006e+00 4.931462139383782528e+00
5.000000000000000000e+00 5.000000000000000000e+00

6.002561785115602788e+00 3.348431393007514245e+00
6.316057378022716051e+00 3.907489589084714332e+00
6.772515276521446026e+00 2.322079153901058568e+00
6.193764081853935899e+00 4.676427656309257053e+00
4.168304536855197640e+00 1.690170385749230286e+00
3.649942363565832792e+00 4.862729658748010664e+00
5.000000000000000000e+00 5.000000000000000000e+00

5.991561205905896692e+00 3.280609801764200473e+00
6.299981435317576484e+00 3.835438736779702040e+00
6.732040094841705624e+00 2.256172062837908054e+00
6.181408639621378320e+00 4.597596144501220117e+00
4.212389682177687611e+00 1.642494229674500872e+00
3.665340456218110887e+00 4.794045397429488986e+00
5.000000000000000000e+00 5.000000000000000000e+00

5.980560626696189708e+00 3.212788210520886700e+00
6.283905483000761905e+00 3.763387886619240952e+00
6.691564913161965222e+00 2.190264971774757541e+00
6.169053197342866390e+00 4.518764632700386308e+00
4.256474827500177582e+00 1.594818073599771457e+00
3.676225818582883331e+00 4.723504353013188606e+00
5.000000000000000000e+00 5.000000000000000000e+00

5.969560047486483612e+00 3.144966619277572928e+00
6.267829530587352593e+00 3.691337036480332401e+00
6.651089731482224821e+00 2.124357880711607027e+00
6.156697755063937905e+00 4.439933120899617336e+00
4.300559972822667554e+00 1.547141917525042043e+00
3.695502539083524773e+00 4.654306444801704856e+00
5.000000000000000000e+00 5.000000000000000000e+00

5.958559468276776627e+00 3.077145028034259155e+00
6.251753578172952075e+00 3.619286186341645006e+00
6.610614549802484419e+00 2.058450789648456514e+00
6.144342312785005866e+00 4.361101609098849252e+00
4.344645118145157525e+00 1.499465761450312629e+00
3.714122535580959727e+00 4.584042658312411866e+00
5.000000000000000000e+00 5.000000000000000000e+00

5.947558889067069643e+00 3.009323436790945383e+00
6.235677625758541787e+00 3.547235336202959832e+00
6.570139368122744017e+00 1.992543698585306222e+00
6.131986870506073828e+00 4.282270097298081168e+00
4.388730263467647497e+00 1.451789605375583214e+00
3.737393995255185342e+00 4.515029915154504359e+00
5.000000000000000000e+00 5.000000000000000000e+00

5.936558309857363547e+00 2.941501845547631611e+00
6.219601673344130610e+00 3.475184486064274658e+00
6.529664186443002727e+00 1.926636607522155931e+00
6.119631428227141789e+00 4.203438585497313085e+00
4.432815408790137468e+00 1.404113449300853800e+00
3.765354077987654868e+00 4.447274766723320560e+00
5.000000000000000000e+00 5.000000000000000000e+00

5.925557730647657451e+00 2.873680254304317838e+00
6.203525720929719434e+00 3.403133635925589484e+00
6.489189004763261437e+00 1.860729516459005639e+00
6.107275985948209751e+00 4.124607073696545001e+00
4.476900554112626551e+00 1.356437293226124385e+00
3.793349505372742403e+00 4.379534203916069401e+00
5.000000000000000000e+00 5.000000000000000000e+00

5.914557151437950466e+00 2.805858663061004066e+00
6.187449768515308257e+00 3.331082785786904310e+00
6.448713823083521035e+00 1.794822425395855348e+00
6.094920543669277713e+00 4.045775561895776917e+00
4.520985699435115635e+00 1.308761137151394971e+00
3.821345217950608220e+00 4.311793758971648849e+00
5.000000000000000000e+00 5.000000000000000000e+00

5.903556572228243482e+00 2.738037071817690293e+00
6.171373816100897081e+00 3.259031935648219136e+00
6.408238641403780633e+00 1.728915334332705056e+00
6.082565101390345674e+00 3.966944050095008834e+00
4.565070844757604718e+00 1.261084981076665557e+00
3.849340932867923559e+00 4.244053314994074455e+00
5.000000000000000000e+00 5.000000000000000000e+00

5.892555993018537386e+00 2.670215480574376521e+00
6.155297863686485904e+00 3.186981085509533962e+00
6.367763459724040231e+00 1.663008243269554765e+00
6.070209659111413636e+00 3.888112538294240750e+00
4.609155990080094689e+00 1.213408825001936142e+00
3.877336647804749514e+00 4.176312871024562945e+00
5.000000000000000000e+00 5.000000000000000000e+00

5.881555413808831290e+00 2.602393889331062748e+00
6.139221911272075616e+00 3.114930235370848788e+00
6.327288278044298941e+00 1.597101152206404473e+00
6.057854216832481598e+00 3.809281026493472666e+00
4.653241135402584661e+00 1.165732668927206728e+00
3.905332362741741115e+00 4.108572427055119825e+00
5.000000000000000000e+00 5.000000000000000000e+00

5.870554834599124305e+00 2.534572298087748976e+00
6.123145958857665327e+00 3.042879385232163614e+00
6.286813096364557651e+00 1.531194061143254181e+00
6.045498774553549559e+00 3.730449514692704582e+00
4.697326280725073744e+00 1.118056512852477313e+00
3.933328077678734047e+00 4.040831983085677592e+00
5.000000000000000000e+00 5.000000000000000000e+00

5.859554255389417321e+00 2.466750706844435204e+00
6.107070006443254151e+00 2.970828535093478440e+00
6.246337914684817250e+00 1.465286970080103890e+00
6.033143332274617521e+00 3.651618002891936499e+00
4.741411426047562827e+00 1.070380356777747899e+00
3.961323792615726980e+00 3.973091539116235360e+00
5.000000000000000000e+00 5.000000000000000000e+00

5.848553676179711225e+00 2.398929115601121431e+00
6.122623012091003680e+00 2.963191591632943211e+00
6.205862733005076848e+00 1.399379879016953598e+00
6.020787889995685482e+00 3.572786491091168415e+00
4.785496571370051910e+00 1.022704200703018484e+00
3.989319507552719912e+00 3.905351095146793128e+00
5.000000000000000000e+00 5.000000000000000000e+00

5.837553096970005129e+00 2.331107524357807659e+00
6.122143714713346618e+00 2.923396987870913399e+00
6.165387551325335558e+00 1.333472787953803307e+00
6.008432447716753444e+00 3.493954979290400331e+00
4.829581716692541882e+00 9.750280446282890701e-01
4.017315222489712845e+00 3.837610651177350896e+00
5.000000000000000000e+00 5.000000000000000000e+00

5.826552517760298144e+00 2.263285933114493886e+00
6.105521615935511903e+00 2.851470259723556833e+00
6.124912369645594268e+00 1.267565696890653015e+00
5.996077005437821406e+00 3.415123467489632247e+00
4.873666862015031853e+00 9.273518885535596556e-01
4.045310937426705777e+00 3.769870207207908663e+00
5.000000000000000000e+00 5.000000000000000000e+00

5.815551938550591160e+00 2.195464341871180114e+00
6.088787492336907192e+00 2.779569422755771235e+00
6.084437187965853866e+00 1.201658605827502724e+00
5.983721563158889367e+00 3.336291955688864164e+00
4.917752007337520936e+00 8.796757324788302412e-01
4.073306652363698710e+00 3.702129763238466431e+00
5.000000000000000000e+00 5.000000000000000000e+00

5.804551359340885064e+00 2.127642750627866342e+00
6.072051820598564298e+00 2.707668946100858953e+00
6.043962006286113464e+00 1.135751514764352432e+00
5.971366120879957329e+00 3.257460443888096080e+00
4.961837152660010020e+00 8.319995764041008268e-01
4.101302367300691643e+00 3.634389319269024199e+00
5.000000000000000000e+00 5.000000000000000000e+00

5.793550780131178968e+00 2.059821159384552569e+00
6.055316126849151104e+00 2.635768474569279096e+00
6.003486824606372174e+00 1.069844423701202141e+00
5.959010678601025290e+00 3.178628932087327996e+00
5.005922297982499991e+00 7.843234203293714124e-01
4.129298082237684575e+00 3.566648875299581967e+00
5.000000000000000000e+00 5.000000000000000000e+00

5.782550200921471983e+00 1.991999568141238797e+00
6.038580432777624907e+00 2.563868003112674820e+00
5.963011642926630884e+00 1.003937332638051849e+00
5.946655236322093252e+00 3.099797420286559912e+00
5.050007443304989962e+00 7.366472642546419980e-01
4.157293797174677508e+00 3.498908431330139734e+00
5.000000000000000000e+00 5.000000000000000000e+00

5.771549621711764999e+00 1.924177976897925024e+00
6.021844738701243038e+00 2.491967531657200752e+00
5.922536461246890482e+00 9.380302415749014466e-01
5.921517795916710014e+00 3.095485725362554064e+00
5.094092588627479046e+00 6.889711081799125836e-01
4.185289512111670440e+00 3.431167987360697502e+00
5.000000000000000000e+00 5.000000000000000000e+00

5.760549042502058903e+00 1.856356385654611252e+00
6.005109044624785675e+00 2.420067060201744447e+00
5.882061279567150081e+00 8.721231505117510441e-01
5.903102715921873411e+00 3.053863612193539190e+00
5.138177733949968129e+00 6.412949521051831692e-01
4.213285227048663373e+00 3.363427543391255270e+00
5.000000000000000000e+00 5.000000000000000000e+00

5.749548463292352807e+00 1.788534794411297479e+00
5.988373350548326535e+00 2.348166588746288141e+00
5.841586097887408791e+00 8.062160594486006415e-01
5.891578870879612850e+00 2.974906433444279408e+00
5.182262879272458100e+00 5.936187960304537548e-01
4.241280941985656305e+00 3.295687099421813038e+00
5.000000000000000000e+00 5.000000000000000000e+00

5.738547884082646711e+00 1.720713203167983707e+00
5.971637656471867395e+00 2.276266117290831836e+00
5.801110916207667501e+00 7.403089683854502390e-01
5.880226348592000107e+00 2.895924255465355923e+00
5.226348024594948072e+00 5.459426399557243403e-01
4.269276656922649238e+00 3.227946655452370806e+00
5.000000000000000000e+00 5.000000000000000000e+00

5.727547304872939726e+00 1.652891611924669935e+00
5.954901962395408255e+00 2.204365645835375531e+00
5.816957732736744546e+00 6.934481660814040271e-01
5.868876311057531048e+00 2.816941720341016975e+00
4.297272371859642170e+00 3.160206211482928573e+00
5.000000000000000000e+00 5.000000000000000000e+00

5.716546725663232742e+00 1.585070020681356162e+00
5.938166268318949115e+00 2.132465174379919226e+00
5.802393883593381929e+00 6.385563679423683636e-01
5.857526310625747357e+00 2.737959179884906114e+00
4.325268086796635103e+00 3.092465767513486341e+00
5.000000000000000000e+00 5.000000000000000000e+00

5.705546146453526646e+00 1.517248429438042390e+00
5.921430574242489975e+00 2.060564702924462921e+00
5.756155558678604400e+00 5.765764022079948870e-01
5.846176310765047290e+00 2.658976639346728899e+00
4.353263801733628036e+00 3.024725323544044109e+00
5.000000000000000000e+00 5.000000000000000000e+00

5.694545567243820550e+00 1.449426838194728617e+00
5.904694880166030835e+00 1.988664231469006838e+00
5.708537681297294775e+00 5.156296946328763342e-01
5.834826310913416414e+00 2.579994098807248282e+00
4.381259516670620968e+00 2.956984879574601877e+00
5.000000000000000000e+00 5.000000000000000000e+00

5.683544988034113565e+00 1.381605246951414845e+00
5.887959186089571695e+00 1.916763760013550755e+00
5.823476311061933863e+00 2.501011558267746349e+00
4.409255231607613901e+00 2.889244435605159644e+00
5.000000000000000000e+00 5.000000000000000000e+00

5.672544408824406581e+00 1.313783655708101072e+00
5.871223492013112555e+00 1.844863288558094672e+00
5.812126311210453977e+00 2.422029017728243971e+00
4.437250946544606833e+00 2.821503991635717412e+00
5.000000000000000000e+00 5.000000000000000000e+00

5.661543829614700485e+00 1.245962064464787300e+00
5.854487797936653415e+00 1.772962817102638589e+00
5.800776311358974091e+00 2.343046477188741594e+00
4.465246661481599766e+00 2.753763547666275180e+00
5.000000000000000000e+00 5.000000000000000000e+00

5.650543250404994389e+00 1.178140473221473528e+00
5.862942773974640254e+00 1.769867306098772408e+00
5.782150166189262031e+00 2.341291580466871469e+00
4.493242376418592698e+00 2.686023103696832948e+00
5.000000000000000000e+00 5.000000000000000000e+00

5.639542671195287404e+00 1.110318881978159755e+00
5.858596950497301670e+00 1.732417758957405907e+00
5.767502660696099959e+00 2.300875418454345844e+00
4.521238091355585631e+00 2.618282659727390715e+00
5.000000000000000000e+00 5.000000000000000000e+00

5.628542091985580420e+00 1.042497290734845983e+00
5.841345110664867946e+00 1.660639464438596224e+00
5.757008043400883679e+00 2.221774872833434777e+00
4.549233806292578564e+00 2.550542215757948483e+00
5.000000000000000000e+00 5.000000000000000000e+00

5.617541512775874324e+00 9.746756994915322103e-01
5.823985379055367950e+00 1.588887105852904380e+00
5.746691171827147393e+00 2.142650752900285394e+00
4.577229521229571496e+00 2.482801771788506251e+00
5.000000000000000000e+00 5.000000000000000000e+00

5.606540933566168228e+00 9.068541082482184379e-01
5.806622900833574796e+00 1.517135411784192645e+00
5.736377870556302661e+00 2.063526167444221127e+00
4.605225236166564429e+00 2.415061327819064019e+00
5.000000000000000000e+00 5.000000000000000000e+00

5.595540354356461243e+00 8.390325170049046655e-01
5.789260348907482978e+00 1.445383735550452631e+00
5.726064643983012736e+00 1.984401572251887513e+00
4.633220951103557361e+00 2.347320883849621787e+00
5.000000000000000000e+00 5.000000000000000000e+00

5.584539775146754259e+00 7.712109257615908930e-01
5.771897794891185818e+00 1.373632059822502915e+00
5.706740295349142400e+00 1.982135940669828900e+00
4.661216666040550294e+00 2.279580439880179554e+00
5.000000000000000000e+00 5.000000000000000000e+00

5.573539195937048163e+00 7.033893345182770096e-01
5.754535240812041152e+00 1.301880384109761035e+00
5.692349754100720638e+00 1.941387362895648394e+00
4.689212380977543226e+00 2.211839995910737322e+00
5.000000000000000000e+00 5.000000000000000000e+00

5.562538616727342067e+00 6.355677432749631262e-01
5.737172686730885651e+00 1.230128708397505877e+00
5.683113242664677323e+00 1.862130174536479332e+00
4.717208095914536159e+00 2.144099551941295090e+00
5.000000000000000000e+00 5.000000000000000000e+00

5.551538037517635082e+00 5.677461520316493537e-01
5.719810132649660872e+00 1.158377032685267372e+00
5.674102370682390095e+00 1.782846706126610448e+00
4.745203810851529092e+00 2.076359107971852858e+00
5.000000000000000000e+00 5.000000000000000000e+00

5.702447578568434317e+00 1.086625356973029533e+00
5.665097055785444979e+00 1.703562606142504654e+00
4.773199525788522024e+00 2.008618664002410625e+00
5.000000000000000000e+00 5.000000000000000000e+00

5.685085024487206873e+00 1.014873681260791694e+00
5.656091884803040593e+00 1.624278489812180704e+00
4.801195240725514957e+00 1.940878220032968393e+00
5.000000000000000000e+00 5.000000000000000000e+00

5.667722470405979429e+00 9.431220055485537435e-01
5.647086717751535367e+00 1.544994373035381230e+00
4.829190955662507889e+00 1.873137776063526161e+00
5.000000000000000000e+00 5.000000000000000000e+00

5.650359916324752874e+00 8.713703298363157934e-01
5.638081550813614840e+00 1.465710256245680743e+00
4.857186670599500822e+00 1.805397332094083929e+00
5.000000000000000000e+00 5.000000000000000000e+00

5.632997362243526318e+00 7.996186541240778434e-01
5.629076383879177747e+00 1.386426139455584572e+00
4.885182385536493754e+00 1.737656888124641696e+00
5.000000000000000000e+00 5.000000000000000000e+00

5.615634808162298874e+00 7.278669784118398933e-01
5.620071216944854342e+00 1.307142022665475523e+00
4.913178100473486687e+00 1.669916444155199464e+00
5.000000000000000000e+00 5.000000000000000000e+00

5.598272254081071431e+00 6.561153026996020543e-01
5.611066050010535378e+00 1.227857905875366029e+00
4.941173815410479619e+00 1.602176000185757232e+00
5.000000000000000000e+00 5.000000000000000000e+00

5.580909699999844875e+00 5.843636269873641043e-01
5.602060883076216413e+00 1.148573789085256536e+00
4.969169530347472552e+00 1.534435556216315000e+00
5.000000000000000000e+00 5.000000000000000000e+00

5.563547145918618320e+00 5.126119512751261542e-01
5.593055716141897449e+00 1.069289672295147042e+00
4.997165245284465485e+00 1.466695112246872768e+00
5.000000000000000000e+00 5.000000000000000000e+00

5.584050549207578484e+00 9.900055555050374378e-01
5.025160960221458417e+00 1.398954668277430535e+00
5.000000000000000000e+00 5.000000000000000000e+00

5.575045382273259520e+00 9.107214387149278334e-01
5.053156675158451350e+00 1.331214224307988303e+00
5.000000000000000000e+00 5.000000000000000000e+00

5.566040215338940556e+00 8.314373219248182290e-01
5.081152390095444282e+00 1.263473780338546071e+00
5.000000000000000000e+00 5.000000000000000000e+00

5.557035048404621591e+00 7.521532051347086245e-01
5.109148105032437215e+00 1.195733336369103839e+00
5.000000000000000000e+00 5.000000000000000000e+00

5.548029881470302627e+00 6.728690883445991311e-01
5.137143819969430147e+00 1.127992892399661606e+00
5.000000000000000000e+00 5.000000000000000000e+00

5.539024714535983662e+00 5.935849715544896377e-01
5.165139534906423080e+00 1.060252448430219374e+00
5.000000000000000000e+00 5.000000000000000000e+00

5.530019547601663810e+00 5.143008547643801442e-01
5.193135249843416013e+00 9.925120044607770309e-01
5.000000000000000000e+00 5.000000000000000000e+00

5.179952350899710289e+00 9.832250782653340071e-01
5.000000000000000000e+00 5.000000000000000000e+00

5.188022023030084640e+00 9.449931727451462704e-01
5.000000000000000000e+00 5.000000000000000000e+00

5.217691733695661860e+00 8.779701044786524244e-01
5.000000000000000000e+00 5.000000000000000000e+00

5.247727362004243723e+00 8.111091410768712651e-01
5.000000000000000000e+00 5.000000000000000000e+00

5.277782539446397081e+00 7.442569600243474914e-01
5.000000000000000000e+00 5.000000000000000000e+00

5.307838890160003764e+00 6.774053064488032572e-01
5.000000000000000000e+00 5.000000000000000000e+00

5.337895321005648341e+00 6.105536889004486989e-01
5.000000000000000000e+00 5.000000000000000000e+00

5.367951758202404555e+00 5.437020742075486801e-01
5.000000000000000000e+00 5.000000000000000000e+00

5.000000000000000000e+00 5.000000000000000000e+00
